  0.0000000000000000E+000  0.0000000000000000E+000  0.0000000000000000E+000  0.0000000000000000E+000  0.0000000000000000E+000  0.0000000000000000E+000  0.0000000000000000E+000  0.0000000000000000E+000  0.0000000000000000E+000  0.0000000000000000E+000  0.0000000000000000E+000  0.0000000000000000E+000  0.0000000000000000E+000  0.0000000000000000E+000  0.0000000000000000E+000  0.0000000000000000E+000  0.0000000000000000E+000  0.0000000000000000E+000  0.0000000000000000E+000  0.0000000000000000E+000  0.0000000000000000E+000  0.0000000000000000E+000  0.0000000000000000E+000  0.0000000000000000E+000  0.0000000000000000E+000
  0.0000000000000000E+000  0.0000000000000000E+000  0.0000000000000000E+000  0.0000000000000000E+000  0.0000000000000000E+000  0.0000000000000000E+000  0.0000000000000000E+000  0.0000000000000000E+000  0.0000000000000000E+000  0.0000000000000000E+000  0.0000000000000000E+000  0.0000000000000000E+000  0.0000000000000000E+000  0.0000000000000000E+000  0.0000000000000000E+000  0.0000000000000000E+000  0.0000000000000000E+000  0.0000000000000000E+000  0.0000000000000000E+000  0.0000000000000000E+000  0.0000000000000000E+000  0.0000000000000000E+000  0.0000000000000000E+000  0.0000000000000000E+000  0.0000000000000000E+000
  0.0000000000000000E+000  0.0000000000000000E+000  0.0000000000000000E+000  0.0000000000000000E+000  0.0000000000000000E+000  0.0000000000000000E+000  0.0000000000000000E+000  0.0000000000000000E+000  0.0000000000000000E+000  0.0000000000000000E+000  0.0000000000000000E+000  0.0000000000000000E+000  0.0000000000000000E+000  0.0000000000000000E+000  0.0000000000000000E+000  0.0000000000000000E+000  0.0000000000000000E+000  0.0000000000000000E+000  0.0000000000000000E+000  0.0000000000000000E+000  0.0000000000000000E+000  0.0000000000000000E+000  0.0000000000000000E+000  0.0000000000000000E+000  0.0000000000000000E+000
  0.0000000000000000E+000  0.0000000000000000E+000  0.0000000000000000E+000  0.0000000000000000E+000  0.0000000000000000E+000  0.0000000000000000E+000  0.0000000000000000E+000  0.0000000000000000E+000  0.0000000000000000E+000  0.0000000000000000E+000  0.0000000000000000E+000  0.0000000000000000E+000  0.0000000000000000E+000  0.0000000000000000E+000  0.0000000000000000E+000  0.0000000000000000E+000  0.0000000000000000E+000  0.0000000000000000E+000  0.0000000000000000E+000  0.0000000000000000E+000  0.0000000000000000E+000  0.0000000000000000E+000  0.0000000000000000E+000  0.0000000000000000E+000  0.0000000000000000E+000
  0.0000000000000000E+000  0.0000000000000000E+000  0.0000000000000000E+000  0.0000000000000000E+000  0.0000000000000000E+000  0.0000000000000000E+000  0.0000000000000000E+000  0.0000000000000000E+000  0.0000000000000000E+000  0.0000000000000000E+000  0.0000000000000000E+000  0.0000000000000000E+000  0.0000000000000000E+000  0.0000000000000000E+000  0.0000000000000000E+000  0.0000000000000000E+000  0.0000000000000000E+000  0.0000000000000000E+000  0.0000000000000000E+000  0.0000000000000000E+000  0.0000000000000000E+000  0.0000000000000000E+000  0.0000000000000000E+000  0.0000000000000000E+000  0.0000000000000000E+000
  0.0000000000000000E+000  0.0000000000000000E+000  0.0000000000000000E+000  0.0000000000000000E+000  0.0000000000000000E+000  0.0000000000000000E+000  0.0000000000000000E+000  0.0000000000000000E+000  0.0000000000000000E+000  0.0000000000000000E+000  0.0000000000000000E+000  0.0000000000000000E+000  0.0000000000000000E+000  0.0000000000000000E+000  0.0000000000000000E+000  0.0000000000000000E+000  0.0000000000000000E+000  0.0000000000000000E+000  0.0000000000000000E+000  0.0000000000000000E+000  0.0000000000000000E+000  0.0000000000000000E+000  0.0000000000000000E+000  0.0000000000000000E+000  0.0000000000000000E+000
  0.0000000000000000E+000  0.0000000000000000E+000  0.0000000000000000E+000  0.0000000000000000E+000  0.0000000000000000E+000  0.0000000000000000E+000  0.0000000000000000E+000  0.0000000000000000E+000  0.0000000000000000E+000  0.0000000000000000E+000  0.0000000000000000E+000  0.0000000000000000E+000  0.0000000000000000E+000  0.0000000000000000E+000  0.0000000000000000E+000  0.0000000000000000E+000  0.0000000000000000E+000  0.0000000000000000E+000  0.0000000000000000E+000  0.0000000000000000E+000  0.0000000000000000E+000  0.0000000000000000E+000  0.0000000000000000E+000  0.0000000000000000E+000  0.0000000000000000E+000
  0.0000000000000000E+000  0.0000000000000000E+000  0.0000000000000000E+000  0.0000000000000000E+000  0.0000000000000000E+000  0.0000000000000000E+000  0.0000000000000000E+000  0.0000000000000000E+000  0.0000000000000000E+000  0.0000000000000000E+000  0.0000000000000000E+000  0.0000000000000000E+000  0.0000000000000000E+000  0.0000000000000000E+000  0.0000000000000000E+000  0.0000000000000000E+000  0.0000000000000000E+000  0.0000000000000000E+000  0.0000000000000000E+000  0.0000000000000000E+000  0.0000000000000000E+000  0.0000000000000000E+000  0.0000000000000000E+000  0.0000000000000000E+000  0.0000000000000000E+000
  0.0000000000000000E+000  0.0000000000000000E+000  0.0000000000000000E+000  0.0000000000000000E+000  0.0000000000000000E+000  0.0000000000000000E+000  0.0000000000000000E+000  0.0000000000000000E+000  0.0000000000000000E+000  0.0000000000000000E+000  0.0000000000000000E+000  0.0000000000000000E+000  0.0000000000000000E+000  0.0000000000000000E+000  0.0000000000000000E+000  0.0000000000000000E+000  0.0000000000000000E+000  0.0000000000000000E+000  0.0000000000000000E+000  0.0000000000000000E+000  0.0000000000000000E+000  0.0000000000000000E+000  0.0000000000000000E+000  0.0000000000000000E+000  0.0000000000000000E+000
  0.0000000000000000E+000  0.0000000000000000E+000  0.0000000000000000E+000  0.0000000000000000E+000  0.0000000000000000E+000  0.0000000000000000E+000  0.0000000000000000E+000  0.0000000000000000E+000  0.0000000000000000E+000  0.0000000000000000E+000  0.0000000000000000E+000  0.0000000000000000E+000  0.0000000000000000E+000  0.0000000000000000E+000  0.0000000000000000E+000  0.0000000000000000E+000  0.0000000000000000E+000  0.0000000000000000E+000  0.0000000000000000E+000  0.0000000000000000E+000  0.0000000000000000E+000  0.0000000000000000E+000  0.0000000000000000E+000  0.0000000000000000E+000  0.0000000000000000E+000
  0.0000000000000000E+000  0.0000000000000000E+000  0.0000000000000000E+000  0.0000000000000000E+000  0.0000000000000000E+000  0.0000000000000000E+000  0.0000000000000000E+000  0.0000000000000000E+000  0.0000000000000000E+000  0.0000000000000000E+000  0.0000000000000000E+000  0.0000000000000000E+000  0.0000000000000000E+000  0.0000000000000000E+000  0.0000000000000000E+000  0.0000000000000000E+000  0.0000000000000000E+000  0.0000000000000000E+000  0.0000000000000000E+000  0.0000000000000000E+000  0.0000000000000000E+000  0.0000000000000000E+000  0.0000000000000000E+000  0.0000000000000000E+000  0.0000000000000000E+000
  0.0000000000000000E+000  0.0000000000000000E+000  0.0000000000000000E+000  0.0000000000000000E+000  0.0000000000000000E+000  0.0000000000000000E+000  0.0000000000000000E+000  0.0000000000000000E+000  0.0000000000000000E+000  0.0000000000000000E+000  0.0000000000000000E+000  0.0000000000000000E+000  0.0000000000000000E+000  0.0000000000000000E+000  0.0000000000000000E+000  0.0000000000000000E+000  0.0000000000000000E+000  0.0000000000000000E+000  0.0000000000000000E+000  0.0000000000000000E+000  0.0000000000000000E+000  0.0000000000000000E+000  0.0000000000000000E+000  0.0000000000000000E+000  0.0000000000000000E+000
  0.0000000000000000E+000  0.0000000000000000E+000  0.0000000000000000E+000  0.0000000000000000E+000  0.0000000000000000E+000  0.0000000000000000E+000  0.0000000000000000E+000  0.0000000000000000E+000  0.0000000000000000E+000  0.0000000000000000E+000  0.0000000000000000E+000  0.0000000000000000E+000  0.0000000000000000E+000  0.0000000000000000E+000  0.0000000000000000E+000  0.0000000000000000E+000  0.0000000000000000E+000  0.0000000000000000E+000  0.0000000000000000E+000  0.0000000000000000E+000  0.0000000000000000E+000  0.0000000000000000E+000  0.0000000000000000E+000  0.0000000000000000E+000  0.0000000000000000E+000
  0.0000000000000000E+000  0.0000000000000000E+000  0.0000000000000000E+000  0.0000000000000000E+000  0.0000000000000000E+000  0.0000000000000000E+000  0.0000000000000000E+000  0.0000000000000000E+000  0.0000000000000000E+000  0.0000000000000000E+000  0.0000000000000000E+000  0.0000000000000000E+000  0.0000000000000000E+000  0.0000000000000000E+000  0.0000000000000000E+000  0.0000000000000000E+000  0.0000000000000000E+000  0.0000000000000000E+000  0.0000000000000000E+000  0.0000000000000000E+000  0.0000000000000000E+000  0.0000000000000000E+000  0.0000000000000000E+000  0.0000000000000000E+000  0.0000000000000000E+000
  0.0000000000000000E+000  0.0000000000000000E+000  0.0000000000000000E+000  0.0000000000000000E+000  0.0000000000000000E+000  0.0000000000000000E+000  0.0000000000000000E+000  0.0000000000000000E+000  0.0000000000000000E+000  0.0000000000000000E+000  0.0000000000000000E+000  0.0000000000000000E+000  0.0000000000000000E+000  0.0000000000000000E+000  0.0000000000000000E+000  0.0000000000000000E+000  0.0000000000000000E+000  0.0000000000000000E+000  0.0000000000000000E+000  0.0000000000000000E+000  0.0000000000000000E+000  0.0000000000000000E+000  0.0000000000000000E+000  0.0000000000000000E+000  0.0000000000000000E+000
  0.0000000000000000E+000  0.0000000000000000E+000  0.0000000000000000E+000  0.0000000000000000E+000  0.0000000000000000E+000  0.0000000000000000E+000  0.0000000000000000E+000  0.0000000000000000E+000  0.0000000000000000E+000  0.0000000000000000E+000  0.0000000000000000E+000  0.0000000000000000E+000  0.0000000000000000E+000  0.0000000000000000E+000  0.0000000000000000E+000  0.0000000000000000E+000  0.0000000000000000E+000  0.0000000000000000E+000  0.0000000000000000E+000  0.0000000000000000E+000  0.0000000000000000E+000  0.0000000000000000E+000  0.0000000000000000E+000  0.0000000000000000E+000  0.0000000000000000E+000
  0.0000000000000000E+000  0.0000000000000000E+000  0.0000000000000000E+000  0.0000000000000000E+000  0.0000000000000000E+000  0.0000000000000000E+000  0.0000000000000000E+000  0.0000000000000000E+000  0.0000000000000000E+000  0.0000000000000000E+000  0.0000000000000000E+000  0.0000000000000000E+000  0.0000000000000000E+000  0.0000000000000000E+000  0.0000000000000000E+000  0.0000000000000000E+000  0.0000000000000000E+000  0.0000000000000000E+000  0.0000000000000000E+000  0.0000000000000000E+000  0.0000000000000000E+000  0.0000000000000000E+000  0.0000000000000000E+000  0.0000000000000000E+000  0.0000000000000000E+000
  0.0000000000000000E+000  0.0000000000000000E+000  0.0000000000000000E+000  0.0000000000000000E+000  0.0000000000000000E+000  0.0000000000000000E+000  0.0000000000000000E+000  0.0000000000000000E+000  0.0000000000000000E+000  0.0000000000000000E+000  0.0000000000000000E+000  0.0000000000000000E+000  0.0000000000000000E+000  0.0000000000000000E+000  0.0000000000000000E+000  0.0000000000000000E+000  0.0000000000000000E+000  0.0000000000000000E+000  0.0000000000000000E+000  0.0000000000000000E+000  0.0000000000000000E+000  0.0000000000000000E+000  0.0000000000000000E+000  0.0000000000000000E+000  0.0000000000000000E+000
  0.0000000000000000E+000  0.0000000000000000E+000  0.0000000000000000E+000  0.0000000000000000E+000  0.0000000000000000E+000  0.0000000000000000E+000  0.0000000000000000E+000  0.0000000000000000E+000  0.0000000000000000E+000  0.0000000000000000E+000  0.0000000000000000E+000  0.0000000000000000E+000  0.0000000000000000E+000  0.0000000000000000E+000  0.0000000000000000E+000  0.0000000000000000E+000  0.0000000000000000E+000  0.0000000000000000E+000  0.0000000000000000E+000  0.0000000000000000E+000  0.0000000000000000E+000  0.0000000000000000E+000  0.0000000000000000E+000  0.0000000000000000E+000  0.0000000000000000E+000
  0.0000000000000000E+000  0.0000000000000000E+000  0.0000000000000000E+000  0.0000000000000000E+000  0.0000000000000000E+000  0.0000000000000000E+000  0.0000000000000000E+000  0.0000000000000000E+000  0.0000000000000000E+000  0.0000000000000000E+000  0.0000000000000000E+000  0.0000000000000000E+000  0.0000000000000000E+000  0.0000000000000000E+000  0.0000000000000000E+000  0.0000000000000000E+000  0.0000000000000000E+000  0.0000000000000000E+000  0.0000000000000000E+000  0.0000000000000000E+000  0.0000000000000000E+000  0.0000000000000000E+000  0.0000000000000000E+000  0.0000000000000000E+000  0.0000000000000000E+000
  0.0000000000000000E+000  0.0000000000000000E+000  0.0000000000000000E+000  0.0000000000000000E+000  0.0000000000000000E+000  0.0000000000000000E+000  0.0000000000000000E+000  0.0000000000000000E+000  0.0000000000000000E+000  0.0000000000000000E+000  0.0000000000000000E+000  0.0000000000000000E+000  0.0000000000000000E+000  0.0000000000000000E+000  0.0000000000000000E+000  0.0000000000000000E+000  0.0000000000000000E+000  0.0000000000000000E+000  0.0000000000000000E+000  0.0000000000000000E+000  0.0000000000000000E+000  0.0000000000000000E+000  0.0000000000000000E+000  0.0000000000000000E+000  0.0000000000000000E+000
  0.0000000000000000E+000  0.0000000000000000E+000  0.0000000000000000E+000  0.0000000000000000E+000  0.0000000000000000E+000  0.0000000000000000E+000  0.0000000000000000E+000  0.0000000000000000E+000  0.0000000000000000E+000  0.0000000000000000E+000  0.0000000000000000E+000  0.0000000000000000E+000  0.0000000000000000E+000  0.0000000000000000E+000  0.0000000000000000E+000  0.0000000000000000E+000  0.0000000000000000E+000  0.0000000000000000E+000  0.0000000000000000E+000  0.0000000000000000E+000  0.0000000000000000E+000  0.0000000000000000E+000  0.0000000000000000E+000  0.0000000000000000E+000  0.0000000000000000E+000
  0.0000000000000000E+000  0.0000000000000000E+000  0.0000000000000000E+000  0.0000000000000000E+000  0.0000000000000000E+000  0.0000000000000000E+000  0.0000000000000000E+000  0.0000000000000000E+000  0.0000000000000000E+000  0.0000000000000000E+000  0.0000000000000000E+000  0.0000000000000000E+000  0.0000000000000000E+000  0.0000000000000000E+000  0.0000000000000000E+000  0.0000000000000000E+000  0.0000000000000000E+000  0.0000000000000000E+000  0.0000000000000000E+000  0.0000000000000000E+000  0.0000000000000000E+000  0.0000000000000000E+000  0.0000000000000000E+000  0.0000000000000000E+000  0.0000000000000000E+000
  0.0000000000000000E+000  0.0000000000000000E+000  0.0000000000000000E+000  0.0000000000000000E+000  0.0000000000000000E+000  0.0000000000000000E+000  0.0000000000000000E+000  0.0000000000000000E+000  0.0000000000000000E+000  0.0000000000000000E+000  0.0000000000000000E+000  0.0000000000000000E+000  0.0000000000000000E+000  0.0000000000000000E+000  0.0000000000000000E+000  0.0000000000000000E+000  0.0000000000000000E+000  0.0000000000000000E+000  0.0000000000000000E+000  0.0000000000000000E+000  0.0000000000000000E+000  0.0000000000000000E+000  0.0000000000000000E+000  0.0000000000000000E+000  0.0000000000000000E+000
  0.0000000000000000E+000  0.0000000000000000E+000  0.0000000000000000E+000  0.0000000000000000E+000  0.0000000000000000E+000  0.0000000000000000E+000  0.0000000000000000E+000  0.0000000000000000E+000  0.0000000000000000E+000  0.0000000000000000E+000  0.0000000000000000E+000  0.0000000000000000E+000  0.0000000000000000E+000  0.0000000000000000E+000  0.0000000000000000E+000  0.0000000000000000E+000  0.0000000000000000E+000  0.0000000000000000E+000  0.0000000000000000E+000  0.0000000000000000E+000  0.0000000000000000E+000  0.0000000000000000E+000  0.0000000000000000E+000  0.0000000000000000E+000  0.0000000000000000E+000
  0.0000000000000000E+000  0.0000000000000000E+000  0.0000000000000000E+000  0.0000000000000000E+000  0.0000000000000000E+000  0.0000000000000000E+000  0.0000000000000000E+000  0.0000000000000000E+000  0.0000000000000000E+000  0.0000000000000000E+000  0.0000000000000000E+000  0.0000000000000000E+000  0.0000000000000000E+000  0.0000000000000000E+000  0.0000000000000000E+000  0.0000000000000000E+000  0.0000000000000000E+000  0.0000000000000000E+000  0.0000000000000000E+000  0.0000000000000000E+000  0.0000000000000000E+000  0.0000000000000000E+000  0.0000000000000000E+000  0.0000000000000000E+000  0.0000000000000000E+000
  0.0000000000000000E+000  0.0000000000000000E+000  0.0000000000000000E+000  0.0000000000000000E+000  0.0000000000000000E+000  0.0000000000000000E+000  0.0000000000000000E+000  0.0000000000000000E+000  0.0000000000000000E+000  0.0000000000000000E+000  0.0000000000000000E+000  0.0000000000000000E+000  0.0000000000000000E+000  0.0000000000000000E+000  0.0000000000000000E+000  0.0000000000000000E+000  0.0000000000000000E+000  0.0000000000000000E+000  0.0000000000000000E+000  0.0000000000000000E+000  0.0000000000000000E+000  0.0000000000000000E+000  0.0000000000000000E+000  0.0000000000000000E+000  0.0000000000000000E+000
  0.0000000000000000E+000  0.0000000000000000E+000  0.0000000000000000E+000  0.0000000000000000E+000  0.0000000000000000E+000  0.0000000000000000E+000  0.0000000000000000E+000  0.0000000000000000E+000  0.0000000000000000E+000  0.0000000000000000E+000  0.0000000000000000E+000  0.0000000000000000E+000  0.0000000000000000E+000  0.0000000000000000E+000  0.0000000000000000E+000  0.0000000000000000E+000  0.0000000000000000E+000  0.0000000000000000E+000  0.0000000000000000E+000  0.0000000000000000E+000  0.0000000000000000E+000  0.0000000000000000E+000  0.0000000000000000E+000  0.0000000000000000E+000  0.0000000000000000E+000
  0.0000000000000000E+000  0.0000000000000000E+000  0.0000000000000000E+000  0.0000000000000000E+000  0.0000000000000000E+000  0.0000000000000000E+000  0.0000000000000000E+000  0.0000000000000000E+000  0.0000000000000000E+000  0.0000000000000000E+000  0.0000000000000000E+000  0.0000000000000000E+000  0.0000000000000000E+000  0.0000000000000000E+000  0.0000000000000000E+000  0.0000000000000000E+000  0.0000000000000000E+000  0.0000000000000000E+000  0.0000000000000000E+000  0.0000000000000000E+000  0.0000000000000000E+000  0.0000000000000000E+000  0.0000000000000000E+000  0.0000000000000000E+000  0.0000000000000000E+000
  0.0000000000000000E+000  0.0000000000000000E+000  0.0000000000000000E+000  0.0000000000000000E+000  0.0000000000000000E+000  0.0000000000000000E+000  0.0000000000000000E+000  0.0000000000000000E+000  0.0000000000000000E+000  0.0000000000000000E+000  0.0000000000000000E+000  0.0000000000000000E+000  0.0000000000000000E+000  0.0000000000000000E+000  0.0000000000000000E+000  0.0000000000000000E+000  0.0000000000000000E+000  0.0000000000000000E+000  0.0000000000000000E+000  0.0000000000000000E+000  0.0000000000000000E+000  0.0000000000000000E+000  0.0000000000000000E+000  0.0000000000000000E+000  0.0000000000000000E+000
  0.0000000000000000E+000  0.0000000000000000E+000  0.0000000000000000E+000  0.0000000000000000E+000  0.0000000000000000E+000  0.0000000000000000E+000  0.0000000000000000E+000  0.0000000000000000E+000  0.0000000000000000E+000  0.0000000000000000E+000  0.0000000000000000E+000  0.0000000000000000E+000  0.0000000000000000E+000  0.0000000000000000E+000  0.0000000000000000E+000  0.0000000000000000E+000  0.0000000000000000E+000  0.0000000000000000E+000  0.0000000000000000E+000  0.0000000000000000E+000  0.0000000000000000E+000  0.0000000000000000E+000  0.0000000000000000E+000  0.0000000000000000E+000  0.0000000000000000E+000
  0.0000000000000000E+000  0.0000000000000000E+000  0.0000000000000000E+000  0.0000000000000000E+000  0.0000000000000000E+000  0.0000000000000000E+000  0.0000000000000000E+000  0.0000000000000000E+000  0.0000000000000000E+000  0.0000000000000000E+000  0.0000000000000000E+000  0.0000000000000000E+000  0.0000000000000000E+000  0.0000000000000000E+000  0.0000000000000000E+000  0.0000000000000000E+000  0.0000000000000000E+000  0.0000000000000000E+000  0.0000000000000000E+000  0.0000000000000000E+000  0.0000000000000000E+000  0.0000000000000000E+000  0.0000000000000000E+000  0.0000000000000000E+000  0.0000000000000000E+000
  0.0000000000000000E+000  0.0000000000000000E+000  0.0000000000000000E+000  0.0000000000000000E+000  0.0000000000000000E+000  0.0000000000000000E+000  0.0000000000000000E+000  0.0000000000000000E+000  0.0000000000000000E+000  0.0000000000000000E+000  0.0000000000000000E+000  0.0000000000000000E+000  0.0000000000000000E+000  0.0000000000000000E+000  0.0000000000000000E+000  0.0000000000000000E+000  0.0000000000000000E+000  0.0000000000000000E+000  0.0000000000000000E+000  0.0000000000000000E+000  0.0000000000000000E+000  0.0000000000000000E+000  0.0000000000000000E+000  0.0000000000000000E+000  0.0000000000000000E+000
  0.0000000000000000E+000  0.0000000000000000E+000  0.0000000000000000E+000  0.0000000000000000E+000  0.0000000000000000E+000  0.0000000000000000E+000  0.0000000000000000E+000  0.0000000000000000E+000  0.0000000000000000E+000  0.0000000000000000E+000  0.0000000000000000E+000  0.0000000000000000E+000  0.0000000000000000E+000  0.0000000000000000E+000  0.0000000000000000E+000  0.0000000000000000E+000  0.0000000000000000E+000  0.0000000000000000E+000  0.0000000000000000E+000  0.0000000000000000E+000  0.0000000000000000E+000  0.0000000000000000E+000  0.0000000000000000E+000  0.0000000000000000E+000  0.0000000000000000E+000
  0.0000000000000000E+000  0.0000000000000000E+000  0.0000000000000000E+000  0.0000000000000000E+000  0.0000000000000000E+000  0.0000000000000000E+000  0.0000000000000000E+000  0.0000000000000000E+000  0.0000000000000000E+000  0.0000000000000000E+000  0.0000000000000000E+000  0.0000000000000000E+000  0.0000000000000000E+000  0.0000000000000000E+000  0.0000000000000000E+000  0.0000000000000000E+000  0.0000000000000000E+000  0.0000000000000000E+000  0.0000000000000000E+000  0.0000000000000000E+000  0.0000000000000000E+000  0.0000000000000000E+000  0.0000000000000000E+000  0.0000000000000000E+000  0.0000000000000000E+000
  0.0000000000000000E+000  0.0000000000000000E+000  0.0000000000000000E+000  0.0000000000000000E+000  0.0000000000000000E+000  0.0000000000000000E+000  0.0000000000000000E+000  0.0000000000000000E+000  0.0000000000000000E+000  0.0000000000000000E+000  0.0000000000000000E+000  0.0000000000000000E+000  0.0000000000000000E+000  0.0000000000000000E+000  0.0000000000000000E+000  0.0000000000000000E+000  0.0000000000000000E+000  0.0000000000000000E+000  0.0000000000000000E+000  0.0000000000000000E+000  0.0000000000000000E+000  0.0000000000000000E+000  0.0000000000000000E+000  0.0000000000000000E+000  0.0000000000000000E+000
  0.0000000000000000E+000  0.0000000000000000E+000  0.0000000000000000E+000  0.0000000000000000E+000  0.0000000000000000E+000  0.0000000000000000E+000  0.0000000000000000E+000  0.0000000000000000E+000  0.0000000000000000E+000  0.0000000000000000E+000  0.0000000000000000E+000  0.0000000000000000E+000  0.0000000000000000E+000  0.0000000000000000E+000  0.0000000000000000E+000  0.0000000000000000E+000  0.0000000000000000E+000  0.0000000000000000E+000  0.0000000000000000E+000  0.0000000000000000E+000  0.0000000000000000E+000  0.0000000000000000E+000  0.0000000000000000E+000  0.0000000000000000E+000  0.0000000000000000E+000
  0.0000000000000000E+000  0.0000000000000000E+000  0.0000000000000000E+000  0.0000000000000000E+000  0.0000000000000000E+000  0.0000000000000000E+000  0.0000000000000000E+000  0.0000000000000000E+000  0.0000000000000000E+000  0.0000000000000000E+000  0.0000000000000000E+000  0.0000000000000000E+000  0.0000000000000000E+000  0.0000000000000000E+000  0.0000000000000000E+000  0.0000000000000000E+000  0.0000000000000000E+000  0.0000000000000000E+000  0.0000000000000000E+000  0.0000000000000000E+000  0.0000000000000000E+000  0.0000000000000000E+000  0.0000000000000000E+000  0.0000000000000000E+000  0.0000000000000000E+000
  0.0000000000000000E+000  0.0000000000000000E+000  0.0000000000000000E+000  0.0000000000000000E+000  0.0000000000000000E+000  0.0000000000000000E+000  0.0000000000000000E+000  0.0000000000000000E+000  0.0000000000000000E+000  0.0000000000000000E+000  0.0000000000000000E+000  0.0000000000000000E+000  0.0000000000000000E+000  0.0000000000000000E+000  0.0000000000000000E+000  0.0000000000000000E+000  0.0000000000000000E+000  0.0000000000000000E+000  0.0000000000000000E+000  0.0000000000000000E+000  0.0000000000000000E+000  0.0000000000000000E+000  0.0000000000000000E+000  0.0000000000000000E+000  0.0000000000000000E+000
  0.0000000000000000E+000  0.0000000000000000E+000  0.0000000000000000E+000  0.0000000000000000E+000  0.0000000000000000E+000  0.0000000000000000E+000  0.0000000000000000E+000  0.0000000000000000E+000  0.0000000000000000E+000  0.0000000000000000E+000  0.0000000000000000E+000  0.0000000000000000E+000  0.0000000000000000E+000  0.0000000000000000E+000  0.0000000000000000E+000  0.0000000000000000E+000  0.0000000000000000E+000  0.0000000000000000E+000  0.0000000000000000E+000  0.0000000000000000E+000  0.0000000000000000E+000  0.0000000000000000E+000  0.0000000000000000E+000  0.0000000000000000E+000  0.0000000000000000E+000
  0.0000000000000000E+000  0.0000000000000000E+000  0.0000000000000000E+000  0.0000000000000000E+000  0.0000000000000000E+000  0.0000000000000000E+000  0.0000000000000000E+000  0.0000000000000000E+000  0.0000000000000000E+000  0.0000000000000000E+000  0.0000000000000000E+000  0.0000000000000000E+000  0.0000000000000000E+000  0.0000000000000000E+000  0.0000000000000000E+000  0.0000000000000000E+000  0.0000000000000000E+000  0.0000000000000000E+000  0.0000000000000000E+000  0.0000000000000000E+000  0.0000000000000000E+000  0.0000000000000000E+000  0.0000000000000000E+000  0.0000000000000000E+000  0.0000000000000000E+000
  0.0000000000000000E+000  0.0000000000000000E+000  0.0000000000000000E+000  0.0000000000000000E+000  0.0000000000000000E+000  0.0000000000000000E+000  0.0000000000000000E+000  0.0000000000000000E+000  0.0000000000000000E+000  0.0000000000000000E+000  0.0000000000000000E+000  0.0000000000000000E+000  0.0000000000000000E+000  0.0000000000000000E+000  0.0000000000000000E+000  0.0000000000000000E+000  0.0000000000000000E+000  0.0000000000000000E+000  0.0000000000000000E+000  0.0000000000000000E+000  0.0000000000000000E+000  0.0000000000000000E+000  0.0000000000000000E+000  0.0000000000000000E+000  0.0000000000000000E+000
  0.0000000000000000E+000  0.0000000000000000E+000  0.0000000000000000E+000  0.0000000000000000E+000  0.0000000000000000E+000  0.0000000000000000E+000  0.0000000000000000E+000  0.0000000000000000E+000  0.0000000000000000E+000  0.0000000000000000E+000  0.0000000000000000E+000  0.0000000000000000E+000  0.0000000000000000E+000  0.0000000000000000E+000  0.0000000000000000E+000  0.0000000000000000E+000  0.0000000000000000E+000  0.0000000000000000E+000  0.0000000000000000E+000  0.0000000000000000E+000  0.0000000000000000E+000  0.0000000000000000E+000  0.0000000000000000E+000  0.0000000000000000E+000  0.0000000000000000E+000
  0.0000000000000000E+000  0.0000000000000000E+000  0.0000000000000000E+000  0.0000000000000000E+000  0.0000000000000000E+000  0.0000000000000000E+000  0.0000000000000000E+000  0.0000000000000000E+000  0.0000000000000000E+000  0.0000000000000000E+000  0.0000000000000000E+000  0.0000000000000000E+000  0.0000000000000000E+000  0.0000000000000000E+000  0.0000000000000000E+000  0.0000000000000000E+000  0.0000000000000000E+000  0.0000000000000000E+000  0.0000000000000000E+000  0.0000000000000000E+000  0.0000000000000000E+000  0.0000000000000000E+000  0.0000000000000000E+000  0.0000000000000000E+000  0.0000000000000000E+000
  0.0000000000000000E+000  0.0000000000000000E+000  0.0000000000000000E+000  0.0000000000000000E+000  0.0000000000000000E+000  0.0000000000000000E+000  0.0000000000000000E+000  0.0000000000000000E+000  0.0000000000000000E+000  0.0000000000000000E+000  0.0000000000000000E+000  0.0000000000000000E+000  0.0000000000000000E+000  0.0000000000000000E+000  0.0000000000000000E+000  0.0000000000000000E+000  0.0000000000000000E+000  0.0000000000000000E+000  0.0000000000000000E+000  0.0000000000000000E+000  0.0000000000000000E+000  0.0000000000000000E+000  0.0000000000000000E+000  0.0000000000000000E+000  0.0000000000000000E+000
  0.0000000000000000E+000  0.0000000000000000E+000  0.0000000000000000E+000  0.0000000000000000E+000  0.0000000000000000E+000  0.0000000000000000E+000  0.0000000000000000E+000  0.0000000000000000E+000  0.0000000000000000E+000  0.0000000000000000E+000  0.0000000000000000E+000  0.0000000000000000E+000  0.0000000000000000E+000  0.0000000000000000E+000  0.0000000000000000E+000  0.0000000000000000E+000  0.0000000000000000E+000  0.0000000000000000E+000  0.0000000000000000E+000  0.0000000000000000E+000  0.0000000000000000E+000  0.0000000000000000E+000  0.0000000000000000E+000  0.0000000000000000E+000  0.0000000000000000E+000
  0.0000000000000000E+000  0.0000000000000000E+000  0.0000000000000000E+000  0.0000000000000000E+000  0.0000000000000000E+000  0.0000000000000000E+000  0.0000000000000000E+000  0.0000000000000000E+000  0.0000000000000000E+000  0.0000000000000000E+000  0.0000000000000000E+000  0.0000000000000000E+000  0.0000000000000000E+000  0.0000000000000000E+000  0.0000000000000000E+000  0.0000000000000000E+000  0.0000000000000000E+000  0.0000000000000000E+000  0.0000000000000000E+000  0.0000000000000000E+000  0.0000000000000000E+000  0.0000000000000000E+000  0.0000000000000000E+000  0.0000000000000000E+000  0.0000000000000000E+000
  0.0000000000000000E+000  0.0000000000000000E+000  0.0000000000000000E+000  0.0000000000000000E+000  0.0000000000000000E+000  0.0000000000000000E+000  0.0000000000000000E+000  0.0000000000000000E+000  0.0000000000000000E+000  0.0000000000000000E+000  0.0000000000000000E+000  0.0000000000000000E+000  0.0000000000000000E+000  0.0000000000000000E+000  0.0000000000000000E+000  0.0000000000000000E+000  0.0000000000000000E+000  0.0000000000000000E+000  0.0000000000000000E+000  0.0000000000000000E+000  0.0000000000000000E+000  0.0000000000000000E+000  0.0000000000000000E+000  0.0000000000000000E+000  0.0000000000000000E+000
  0.0000000000000000E+000  0.0000000000000000E+000  0.0000000000000000E+000  0.0000000000000000E+000  0.0000000000000000E+000  0.0000000000000000E+000  0.0000000000000000E+000  0.0000000000000000E+000  0.0000000000000000E+000  0.0000000000000000E+000  0.0000000000000000E+000  0.0000000000000000E+000  0.0000000000000000E+000  0.0000000000000000E+000  0.0000000000000000E+000  0.0000000000000000E+000  0.0000000000000000E+000  0.0000000000000000E+000  0.0000000000000000E+000  0.0000000000000000E+000  0.0000000000000000E+000  0.0000000000000000E+000  0.0000000000000000E+000  0.0000000000000000E+000  0.0000000000000000E+000
  0.0000000000000000E+000  0.0000000000000000E+000  0.0000000000000000E+000  0.0000000000000000E+000  0.0000000000000000E+000  0.0000000000000000E+000  0.0000000000000000E+000  0.0000000000000000E+000  0.0000000000000000E+000  0.0000000000000000E+000  0.0000000000000000E+000  0.0000000000000000E+000  0.0000000000000000E+000  0.0000000000000000E+000  0.0000000000000000E+000  0.0000000000000000E+000  0.0000000000000000E+000  0.0000000000000000E+000  0.0000000000000000E+000  0.0000000000000000E+000  0.0000000000000000E+000  0.0000000000000000E+000  0.0000000000000000E+000  0.0000000000000000E+000  0.0000000000000000E+000
  0.0000000000000000E+000  0.0000000000000000E+000  0.0000000000000000E+000  0.0000000000000000E+000  0.0000000000000000E+000  0.0000000000000000E+000  0.0000000000000000E+000  0.0000000000000000E+000  0.0000000000000000E+000  0.0000000000000000E+000  0.0000000000000000E+000  0.0000000000000000E+000  0.0000000000000000E+000  0.0000000000000000E+000  0.0000000000000000E+000  0.0000000000000000E+000  0.0000000000000000E+000  0.0000000000000000E+000  0.0000000000000000E+000  0.0000000000000000E+000  0.0000000000000000E+000  0.0000000000000000E+000  0.0000000000000000E+000  0.0000000000000000E+000  0.0000000000000000E+000
  0.0000000000000000E+000  0.0000000000000000E+000  0.0000000000000000E+000  0.0000000000000000E+000  0.0000000000000000E+000  0.0000000000000000E+000  0.0000000000000000E+000  0.0000000000000000E+000  0.0000000000000000E+000  0.0000000000000000E+000  0.0000000000000000E+000  0.0000000000000000E+000  0.0000000000000000E+000  0.0000000000000000E+000  0.0000000000000000E+000  0.0000000000000000E+000  0.0000000000000000E+000  0.0000000000000000E+000  0.0000000000000000E+000  0.0000000000000000E+000  0.0000000000000000E+000  0.0000000000000000E+000  0.0000000000000000E+000  0.0000000000000000E+000  0.0000000000000000E+000
  0.0000000000000000E+000  0.0000000000000000E+000  0.0000000000000000E+000  0.0000000000000000E+000  0.0000000000000000E+000  0.0000000000000000E+000  0.0000000000000000E+000  0.0000000000000000E+000  0.0000000000000000E+000  0.0000000000000000E+000  0.0000000000000000E+000  0.0000000000000000E+000  0.0000000000000000E+000  0.0000000000000000E+000  0.0000000000000000E+000  0.0000000000000000E+000  0.0000000000000000E+000  0.0000000000000000E+000  0.0000000000000000E+000  0.0000000000000000E+000  0.0000000000000000E+000  0.0000000000000000E+000  0.0000000000000000E+000  0.0000000000000000E+000  0.0000000000000000E+000
  0.0000000000000000E+000  0.0000000000000000E+000  0.0000000000000000E+000  0.0000000000000000E+000  0.0000000000000000E+000  0.0000000000000000E+000  0.0000000000000000E+000  0.0000000000000000E+000  0.0000000000000000E+000  0.0000000000000000E+000  0.0000000000000000E+000  0.0000000000000000E+000  0.0000000000000000E+000  0.0000000000000000E+000  0.0000000000000000E+000  0.0000000000000000E+000  0.0000000000000000E+000  0.0000000000000000E+000  0.0000000000000000E+000  0.0000000000000000E+000  0.0000000000000000E+000  0.0000000000000000E+000  0.0000000000000000E+000  0.0000000000000000E+000  0.0000000000000000E+000
  0.0000000000000000E+000  0.0000000000000000E+000  0.0000000000000000E+000  0.0000000000000000E+000  0.0000000000000000E+000  0.0000000000000000E+000  0.0000000000000000E+000  0.0000000000000000E+000  0.0000000000000000E+000  0.0000000000000000E+000  0.0000000000000000E+000  0.0000000000000000E+000  0.0000000000000000E+000  0.0000000000000000E+000  0.0000000000000000E+000  0.0000000000000000E+000  0.0000000000000000E+000  0.0000000000000000E+000  0.0000000000000000E+000  0.0000000000000000E+000  0.0000000000000000E+000  0.0000000000000000E+000  0.0000000000000000E+000  0.0000000000000000E+000  0.0000000000000000E+000
  0.0000000000000000E+000  0.0000000000000000E+000  0.0000000000000000E+000  0.0000000000000000E+000  0.0000000000000000E+000  0.0000000000000000E+000  0.0000000000000000E+000  0.0000000000000000E+000  0.0000000000000000E+000  0.0000000000000000E+000  0.0000000000000000E+000  0.0000000000000000E+000  0.0000000000000000E+000  0.0000000000000000E+000  0.0000000000000000E+000  0.0000000000000000E+000  0.0000000000000000E+000  0.0000000000000000E+000  0.0000000000000000E+000  0.0000000000000000E+000  0.0000000000000000E+000  0.0000000000000000E+000  0.0000000000000000E+000  0.0000000000000000E+000  0.0000000000000000E+000
  0.0000000000000000E+000  0.0000000000000000E+000  0.0000000000000000E+000  0.0000000000000000E+000  0.0000000000000000E+000  0.0000000000000000E+000  0.0000000000000000E+000  0.0000000000000000E+000  0.0000000000000000E+000  0.0000000000000000E+000  0.0000000000000000E+000  0.0000000000000000E+000  0.0000000000000000E+000  0.0000000000000000E+000  0.0000000000000000E+000  0.0000000000000000E+000  0.0000000000000000E+000  0.0000000000000000E+000  0.0000000000000000E+000  0.0000000000000000E+000  0.0000000000000000E+000  0.0000000000000000E+000  0.0000000000000000E+000  0.0000000000000000E+000  0.0000000000000000E+000
  0.0000000000000000E+000  0.0000000000000000E+000  0.0000000000000000E+000  0.0000000000000000E+000  0.0000000000000000E+000  0.0000000000000000E+000  0.0000000000000000E+000  0.0000000000000000E+000  0.0000000000000000E+000  0.0000000000000000E+000  0.0000000000000000E+000  0.0000000000000000E+000  0.0000000000000000E+000  0.0000000000000000E+000  0.0000000000000000E+000  0.0000000000000000E+000  0.0000000000000000E+000  0.0000000000000000E+000  0.0000000000000000E+000  0.0000000000000000E+000  0.0000000000000000E+000  0.0000000000000000E+000  0.0000000000000000E+000  0.0000000000000000E+000  0.0000000000000000E+000
  0.0000000000000000E+000  0.0000000000000000E+000  0.0000000000000000E+000  0.0000000000000000E+000  0.0000000000000000E+000  0.0000000000000000E+000  0.0000000000000000E+000  0.0000000000000000E+000  0.0000000000000000E+000  0.0000000000000000E+000  0.0000000000000000E+000  0.0000000000000000E+000  0.0000000000000000E+000  0.0000000000000000E+000  0.0000000000000000E+000  0.0000000000000000E+000  0.0000000000000000E+000  0.0000000000000000E+000  0.0000000000000000E+000  0.0000000000000000E+000  0.0000000000000000E+000  0.0000000000000000E+000  0.0000000000000000E+000  0.0000000000000000E+000  0.0000000000000000E+000
  0.0000000000000000E+000  0.0000000000000000E+000  0.0000000000000000E+000  0.0000000000000000E+000  0.0000000000000000E+000  0.0000000000000000E+000  0.0000000000000000E+000  0.0000000000000000E+000  0.0000000000000000E+000  0.0000000000000000E+000  0.0000000000000000E+000  0.0000000000000000E+000  0.0000000000000000E+000  0.0000000000000000E+000  0.0000000000000000E+000  0.0000000000000000E+000  0.0000000000000000E+000  0.0000000000000000E+000  0.0000000000000000E+000  0.0000000000000000E+000  0.0000000000000000E+000  0.0000000000000000E+000  0.0000000000000000E+000  0.0000000000000000E+000  0.0000000000000000E+000
  0.0000000000000000E+000  0.0000000000000000E+000  0.0000000000000000E+000  0.0000000000000000E+000  0.0000000000000000E+000  0.0000000000000000E+000  0.0000000000000000E+000  0.0000000000000000E+000  0.0000000000000000E+000  0.0000000000000000E+000  0.0000000000000000E+000  0.0000000000000000E+000  0.0000000000000000E+000  0.0000000000000000E+000  0.0000000000000000E+000  0.0000000000000000E+000  0.0000000000000000E+000  0.0000000000000000E+000  0.0000000000000000E+000  0.0000000000000000E+000  0.0000000000000000E+000  0.0000000000000000E+000  0.0000000000000000E+000  0.0000000000000000E+000  0.0000000000000000E+000
  0.0000000000000000E+000  0.0000000000000000E+000  0.0000000000000000E+000  0.0000000000000000E+000  0.0000000000000000E+000  0.0000000000000000E+000  0.0000000000000000E+000  0.0000000000000000E+000  0.0000000000000000E+000  0.0000000000000000E+000  0.0000000000000000E+000  0.0000000000000000E+000  0.0000000000000000E+000  0.0000000000000000E+000  0.0000000000000000E+000  0.0000000000000000E+000  0.0000000000000000E+000  0.0000000000000000E+000  0.0000000000000000E+000  0.0000000000000000E+000  0.0000000000000000E+000  0.0000000000000000E+000  0.0000000000000000E+000  0.0000000000000000E+000  0.0000000000000000E+000
  0.0000000000000000E+000  0.0000000000000000E+000  0.0000000000000000E+000  0.0000000000000000E+000  0.0000000000000000E+000  0.0000000000000000E+000  0.0000000000000000E+000  0.0000000000000000E+000  0.0000000000000000E+000  0.0000000000000000E+000  0.0000000000000000E+000  0.0000000000000000E+000  0.0000000000000000E+000  0.0000000000000000E+000  0.0000000000000000E+000  0.0000000000000000E+000  0.0000000000000000E+000  0.0000000000000000E+000  0.0000000000000000E+000  0.0000000000000000E+000  0.0000000000000000E+000  0.0000000000000000E+000  0.0000000000000000E+000  0.0000000000000000E+000  0.0000000000000000E+000
  0.0000000000000000E+000  0.0000000000000000E+000  0.0000000000000000E+000  0.0000000000000000E+000  0.0000000000000000E+000  0.0000000000000000E+000  0.0000000000000000E+000  0.0000000000000000E+000  0.0000000000000000E+000  0.0000000000000000E+000  0.0000000000000000E+000  0.0000000000000000E+000  0.0000000000000000E+000  0.0000000000000000E+000  0.0000000000000000E+000  0.0000000000000000E+000  0.0000000000000000E+000  0.0000000000000000E+000  0.0000000000000000E+000  0.0000000000000000E+000  0.0000000000000000E+000  0.0000000000000000E+000  0.0000000000000000E+000  0.0000000000000000E+000  0.0000000000000000E+000
  0.0000000000000000E+000  0.0000000000000000E+000  0.0000000000000000E+000  0.0000000000000000E+000  0.0000000000000000E+000  0.0000000000000000E+000  0.0000000000000000E+000  0.0000000000000000E+000  0.0000000000000000E+000  0.0000000000000000E+000  0.0000000000000000E+000  0.0000000000000000E+000  0.0000000000000000E+000  0.0000000000000000E+000  0.0000000000000000E+000  0.0000000000000000E+000  0.0000000000000000E+000  0.0000000000000000E+000  0.0000000000000000E+000  0.0000000000000000E+000  0.0000000000000000E+000  0.0000000000000000E+000  0.0000000000000000E+000  0.0000000000000000E+000  0.0000000000000000E+000
  0.0000000000000000E+000  0.0000000000000000E+000  0.0000000000000000E+000  0.0000000000000000E+000  0.0000000000000000E+000  0.0000000000000000E+000  0.0000000000000000E+000  0.0000000000000000E+000  0.0000000000000000E+000  0.0000000000000000E+000  0.0000000000000000E+000  0.0000000000000000E+000  0.0000000000000000E+000  0.0000000000000000E+000  0.0000000000000000E+000  0.0000000000000000E+000  0.0000000000000000E+000  0.0000000000000000E+000  0.0000000000000000E+000  0.0000000000000000E+000  0.0000000000000000E+000  0.0000000000000000E+000  0.0000000000000000E+000  0.0000000000000000E+000  0.0000000000000000E+000
  0.0000000000000000E+000  0.0000000000000000E+000  0.0000000000000000E+000  0.0000000000000000E+000  0.0000000000000000E+000  0.0000000000000000E+000  0.0000000000000000E+000  0.0000000000000000E+000  0.0000000000000000E+000  0.0000000000000000E+000  0.0000000000000000E+000  0.0000000000000000E+000  0.0000000000000000E+000  0.0000000000000000E+000  0.0000000000000000E+000  0.0000000000000000E+000  0.0000000000000000E+000  0.0000000000000000E+000  0.0000000000000000E+000  0.0000000000000000E+000  0.0000000000000000E+000  0.0000000000000000E+000  0.0000000000000000E+000  0.0000000000000000E+000  0.0000000000000000E+000
  0.0000000000000000E+000  0.0000000000000000E+000  0.0000000000000000E+000  0.0000000000000000E+000  0.0000000000000000E+000  0.0000000000000000E+000  0.0000000000000000E+000  0.0000000000000000E+000  0.0000000000000000E+000  0.0000000000000000E+000  0.0000000000000000E+000  0.0000000000000000E+000  0.0000000000000000E+000  0.0000000000000000E+000  0.0000000000000000E+000  0.0000000000000000E+000  0.0000000000000000E+000  0.0000000000000000E+000  0.0000000000000000E+000  0.0000000000000000E+000  0.0000000000000000E+000  0.0000000000000000E+000  0.0000000000000000E+000  0.0000000000000000E+000  0.0000000000000000E+000
  0.0000000000000000E+000  0.0000000000000000E+000  0.0000000000000000E+000  0.0000000000000000E+000  0.0000000000000000E+000  0.0000000000000000E+000  0.0000000000000000E+000  0.0000000000000000E+000  0.0000000000000000E+000  0.0000000000000000E+000  0.0000000000000000E+000  0.0000000000000000E+000  0.0000000000000000E+000  0.0000000000000000E+000  0.0000000000000000E+000  0.0000000000000000E+000  0.0000000000000000E+000  0.0000000000000000E+000  0.0000000000000000E+000  0.0000000000000000E+000  0.0000000000000000E+000  0.0000000000000000E+000  0.0000000000000000E+000  0.0000000000000000E+000  0.0000000000000000E+000
  0.0000000000000000E+000  0.0000000000000000E+000  0.0000000000000000E+000  0.0000000000000000E+000  0.0000000000000000E+000  0.0000000000000000E+000  0.0000000000000000E+000  0.0000000000000000E+000  0.0000000000000000E+000  0.0000000000000000E+000  0.0000000000000000E+000  0.0000000000000000E+000  0.0000000000000000E+000  0.0000000000000000E+000  0.0000000000000000E+000  0.0000000000000000E+000  0.0000000000000000E+000  0.0000000000000000E+000  0.0000000000000000E+000  0.0000000000000000E+000  0.0000000000000000E+000  0.0000000000000000E+000  0.0000000000000000E+000  0.0000000000000000E+000  0.0000000000000000E+000
  0.0000000000000000E+000  0.0000000000000000E+000  0.0000000000000000E+000  0.0000000000000000E+000  0.0000000000000000E+000  0.0000000000000000E+000  0.0000000000000000E+000  0.0000000000000000E+000  0.0000000000000000E+000  0.0000000000000000E+000  0.0000000000000000E+000  0.0000000000000000E+000  0.0000000000000000E+000  0.0000000000000000E+000  0.0000000000000000E+000  0.0000000000000000E+000  0.0000000000000000E+000  0.0000000000000000E+000  0.0000000000000000E+000  0.0000000000000000E+000  0.0000000000000000E+000  0.0000000000000000E+000  0.0000000000000000E+000  0.0000000000000000E+000  0.0000000000000000E+000
  0.0000000000000000E+000  0.0000000000000000E+000  0.0000000000000000E+000  0.0000000000000000E+000  0.0000000000000000E+000  0.0000000000000000E+000  0.0000000000000000E+000  0.0000000000000000E+000  0.0000000000000000E+000  0.0000000000000000E+000  0.0000000000000000E+000  0.0000000000000000E+000  0.0000000000000000E+000  0.0000000000000000E+000  0.0000000000000000E+000  0.0000000000000000E+000  0.0000000000000000E+000  0.0000000000000000E+000  0.0000000000000000E+000  0.0000000000000000E+000  0.0000000000000000E+000  0.0000000000000000E+000  0.0000000000000000E+000  0.0000000000000000E+000  0.0000000000000000E+000
  0.0000000000000000E+000  0.0000000000000000E+000  0.0000000000000000E+000  0.0000000000000000E+000  0.0000000000000000E+000  0.0000000000000000E+000  0.0000000000000000E+000  0.0000000000000000E+000  0.0000000000000000E+000  0.0000000000000000E+000  0.0000000000000000E+000  0.0000000000000000E+000  0.0000000000000000E+000  0.0000000000000000E+000  0.0000000000000000E+000  0.0000000000000000E+000  0.0000000000000000E+000  0.0000000000000000E+000  0.0000000000000000E+000  0.0000000000000000E+000  0.0000000000000000E+000  0.0000000000000000E+000  0.0000000000000000E+000  0.0000000000000000E+000  0.0000000000000000E+000
  5.9775044324450256E+011  0.0000000000000000E+000 -7.1039592492610678E-020  0.0000000000000000E+000  4.9812536937041883E+009  1.7434387927964664E+009 -7.9744806163121794E-016 -5.1193318727291774E-018  2.4906268468520942E+012  0.0000000000000000E+000  4.3810126236128352E+013 -1.6497206119324867E-018  0.0000000000000000E+000  0.0000000000000000E+000  0.0000000000000000E+000 -1.7939077792482294E-038  2.7834722809379258E+002  1.9869078305268560E+006  5.1889228497194068E+005  1.2453134234260472E+011 -1.8471622496445446E-018 -4.9296184935054718E-016  5.1493771654263604E+008  9.0172489759296059E+003  2.0073263847500384E+006
  5.9864797102939929E+011  0.0000000000000000E+000 -8.2575411144438345E-024  0.0000000000000000E+000  4.9887330919116621E+009  1.7460565821690812E+009 -4.7506672800109070E-016 -6.0001168746991665E-022  2.4943665459558301E+012  0.0000000000000000E+000  4.3875907543363047E+013 -1.9177448062008421E-022  0.0000000000000000E+000  0.0000000000000000E+000  0.0000000000000000E+000 -1.1356536313273482E-038  2.9166394989108437E+002  1.9636803350589417E+006  5.4365136927489075E+005  1.2471832729779152E+011 -2.1831067417929179E-022 -3.0889478965463739E-016  7.4982436351679528E+008  1.8973638206457461E+004  3.3003231382853924E+006
  5.9897039638486023E+011  6.1289292808483885E-016  3.0208983747372883E-009  0.0000000000000000E+000  4.9914199698738375E+009  1.7469969894558430E+009  4.6727702123087505E-009  3.4591879328946258E-008  2.4957099849369185E+012  0.0000000000000000E+000  4.3899538635040398E+013  1.3391260059474593E-008  5.0805832329004525E-009  2.4161975643918408E-026  9.2028525041136937E-027  7.6592254971874895E-025  2.9658844069417404E+002  1.9554939723733221E+006  5.5272570185869513E+005  1.2478549924684590E+011  1.0863763875751658E-008  2.7671469784616282E-009  8.9242903801924241E+008  2.9237729207771765E+004  4.0815378810506109E+006
  5.9920175613835059E+011  1.4110426359508854E-004  1.4386164792574111E+003  0.0000000000000000E+000  4.9933479678195887E+009  1.7476717887368562E+009  1.7084947543305086E+005  6.9664087683186532E+004  2.4966739839097939E+012  0.0000000000000000E+000  4.3916495376973289E+013  2.3582172152325111E+004  1.3290212626234253E+006  9.9323007969763779E+000  5.6645658766033399E+001  8.9285370442795138E+000  7.3199031702997372E+003  1.9496661582949571E+006  5.5924544323253713E+005  1.2483369919548970E+011  2.3494099359382009E+004  1.2354800829009959E+005  1.0044659107916548E+009  7.6689676426101214E+004  4.6793451141175199E+006
  5.9934751391462769E+011  1.8767683859345651E-003  2.2864253823142077E+004  0.0000000000000000E+000  4.9945626159552298E+009  1.7480969155843303E+009  8.8197117120261453E+006  1.2148870134954664E+006  2.4972813079776157E+012  0.0000000000000000E+000  4.3927178207326234E+013  4.0177538320426561E+005  5.7176064199246071E+007  7.2297606139174959E+003  1.0447412448802784E+005  8.8126712382622427E+003  1.2331708325748495E+005  1.9459822032039710E+006  5.6345864060324105E+005  1.2486406539888075E+011  4.1159448991565069E+005  6.5429896228188463E+006  1.0873443291479828E+009  2.0055974085071934E+006  5.1965126651262585E+006
  5.9954435430277795E+011  4.6872446743453965E-003  6.1416331380755204E+004  0.0000000000000000E+000  4.9962029525231543E+009  1.7486710333831031E+009  4.6630184274106510E+007  3.4424932532115597E+006  2.4981014762615752E+012  0.0000000000000000E+000  4.3941604967441109E+013  1.0928670284487905E+006  2.4458042287334096E+008  8.4145728100928522E+004  2.0864047724107641E+006  1.4167218766985642E+005  3.3821640010844922E+005  1.9409877561178238E+006  5.6914142211823631E+005  1.2490507381307877E+011  1.1301844133531535E+006  3.4863434898322232E+007  1.1551187703839493E+009  1.0482103328664446E+007  5.6551130931128273E+006
  5.9947190358744983E+011  7.2719309697609549E-003  1.0358954760891307E+005  0.0000000000000000E+000  4.9955991965620813E+009  1.7484597187967286E+009  1.2206770062837644E+008  6.1722008613557722E+006  2.4977995982810415E+012  0.0000000000000000E+000  4.3936294933763484E+013  1.8527354650173150E+006  5.0832573202729923E+008  2.9593316285319347E+005  1.0729643797007091E+007  7.0928593087106233E+005  5.7431032565082749E+005  1.9428380795454902E+006  5.6685805078987707E+005  1.2488997991405206E+011  1.9201028493671324E+006  9.2918237741805732E+007  1.2063076963763983E+009  2.7851078518058926E+007  6.0229754703282388E+006
  5.9893532742918835E+011  9.2541491600673393E-003  1.4587384109076645E+005  0.0000000000000000E+000  4.9911277285765686E+009  1.7468947050017986E+009  2.3219271177937856E+008  9.2711528712926526E+006  2.4955638642882837E+012  0.0000000000000000E+000  4.3896968372830914E+013  2.6304623927817158E+006  7.9159441479273844E+008  6.4927858363618073E+005  3.0635258529715963E+007  2.1720206072398233E+006  8.1000555212965258E+005  1.9575855777459645E+006  5.5007006430291908E+005  1.2477819321441420E+011  2.7115833379720720E+006  1.8289452374989876E+008  1.2595058283811262E+009  5.4764078792907678E+007  6.3073880137008671E+006
  5.9763130648682068E+011  1.0650253363894817E-002  1.9030741073707285E+005  0.0000000000000000E+000  4.9802608873901730E+009  1.7430913105865612E+009  3.6913885902804309E+008  1.2731201898022123E+007  2.4901304436950859E+012  0.0000000000000000E+000  4.3801394504596570E+013  3.4845180807013563E+006  9.7021791839921236E+008  1.0379708973912413E+006  6.1643778460176624E+007  5.1274144948906153E+006  1.0543512434882498E+006  1.9908662184001198E+006  5.1532557474818022E+005  1.2450652218475435E+011  3.5383605111240530E+006  3.0671548779696053E+008  1.2136824634581661E+009  9.1790383997520611E+007  6.1431231643169811E+006
  5.9601048815256580E+011  1.1558313893716346E-002  2.3743707175282759E+005  0.0000000000000000E+000  4.9667540679380493E+009  1.7383639237783172E+009  5.2163896585073179E+008  1.6365328423963143E+007  2.4833770339690239E+012  0.0000000000000000E+000  4.3682602027515141E+013  4.4206073526471034E+006  9.9517731320888746E+008  1.3277473267802568E+006  9.8850413206661314E+007  1.0213346826382989E+007  1.3104980327140135E+006  2.0297849303106270E+006  4.7861376416243316E+005  1.2416885169845122E+011  4.4097597878751187E+006  4.6546420208801639E+008  1.0635582840834922E+009  1.3928711289737129E+008  5.5102845483161388E+006
  5.9570546594341736E+011  1.2061353661233089E-002  2.7552651656116394E+005  0.0000000000000000E+000  4.9642122161951447E+009  1.7374742756683011E+009  6.8946123065620863E+008  1.9711623570870087E+007  2.4821061080975723E+012  0.0000000000000000E+000  4.3660246441436297E+013  5.1520659088443248E+006  1.1470500512059302E+009  1.7833513370267453E+006  1.5416373438950637E+008  1.7749453576494075E+007  1.5164108130223013E+006  2.0418743749084219E+006  4.6547795729871572E+005  1.2410530540487862E+011  5.1092232642146936E+006  6.5143322453129828E+008  1.0807418582307913E+009  1.9487638254027015E+008  5.7412812118701991E+006
  5.9695791642712317E+011  1.2213764549320624E-002  2.9780750133014092E+005  0.0000000000000000E+000  4.9746493035593586E+009  1.7411272562457757E+009  8.7820222238960075E+008  2.2458627601618659E+007  2.4873246517796802E+012  0.0000000000000000E+000  4.3752040624804578E+013  5.4907571640513912E+006  1.5043056773966780E+009  2.5124597960667661E+006  2.5025102540994942E+008  2.7801022789485540E+007  1.6500096583926692E+006  2.0090994715680282E+006  4.9624252603833907E+005  1.2436623258898398E+011  5.5461021042888565E+006  8.5406314315763938E+008  1.3284286815507638E+009  2.5541550516923788E+008  7.1501066810994009E+006
  5.9579911412687744E+011  1.2062139947369353E-002  3.3083405248054682E+005  0.0000000000000000E+000  4.9649926177239771E+009  1.7377474162033923E+009  1.0421405230457162E+009  2.4995041746278793E+007  2.4824963088619893E+012  0.0000000000000000E+000  4.3667110072882383E+013  6.1731717729346314E+006  1.3686532930387452E+009  2.5372283801951823E+006  3.1608517263610941E+008  4.0665612453791194E+007  1.8292439493958231E+006  2.0372389232344304E+006  4.7128130961069977E+005  1.2412481544309946E+011  6.1595350260642217E+006  1.0888707451127796E+009  1.1452525975137928E+009  3.2581691058993995E+008  6.2309546475357004E+006
  5.9389865657742334E+011  1.1574400896891157E-002  3.5751955427352828E+005  0.0000000000000000E+000  4.9491554714785280E+009  1.7322044150174849E+009  1.1677277005752287E+009  2.6500030813248418E+007  2.4745777357392637E+012  0.0000000000000000E+000  4.3527822371653656E+013  6.7896218146443050E+006  1.0648874661786658E+009  2.1359441369124115E+006  3.3968058137796861E+008  5.5334241004710831E+007  1.9680573914499588E+006  2.0801345510151568E+006  4.3662312296384270E+005  1.2372888678696320E+011  6.6431518359476123E+006  1.3457725788195148E+009  8.4642147604209256E+008  4.0324601474754244E+008  4.6666536527266148E+006
  5.9221511150254321E+011  1.0686049658054584E-002  3.6072722157347720E+005  0.0000000000000000E+000  4.9351259291878605E+009  1.7272940752157512E+009  1.2592227036962240E+009  2.6415286160821520E+007  2.4675629645939302E+012  0.0000000000000000E+000  4.3404432547207227E+013  6.9798521592337135E+006  8.5352182232212067E+008  1.7296418934718478E+006  3.3933745324285448E+008  7.0050546439750001E+007  1.9783837372417974E+006  2.1236922534880554E+006  4.0385214568453620E+005  1.2337814822969649E+011  6.6948385455805101E+006  1.6038820952052152E+009  6.5399039510066986E+008  4.8161330968991566E+008  3.5263235593015444E+006
  5.9175831892424597E+011  9.2985535060658691E-003  3.3560262969444151E+005  0.0000000000000000E+000  4.9313193243687162E+009  1.7259617635290508E+009  1.3677277508492379E+009  2.4848004375046104E+007  2.4656596621843584E+012  0.0000000000000000E+000  4.3370953457822859E+013  6.5649704553175699E+006  8.6184647093493068E+008  1.6308444580379850E+006  3.7089686477621245E+008  8.3759422721088320E+007  1.8399980658681402E+006  2.1410567676756498E+006  3.8872960787464760E+005  1.2328298310921790E+011  6.2370509585297145E+006  1.8433460898744378E+009  6.5899913346598971E+008  5.5397661567450392E+008  3.4143808600154198E+006
  5.9102016326344336E+011  7.3172378781048977E-003  2.8528871672385372E+005  0.0000000000000000E+000  4.9251680271953630E+009  1.7238088095183768E+009  1.4629731172728946E+009  2.1257612627787255E+007  2.4625840135976807E+012  0.0000000000000000E+000  4.3316852799183211E+013  5.6406027007213626E+006  8.2640756802973580E+008  1.3388319662248380E+006  4.0141794634475708E+008  9.4703027074445784E+007  1.5662020682205153E+006  2.1589596358967689E+006  3.7690223310349812E+005  1.2312920067988405E+011  5.3136018012308506E+006  2.0548855717423034E+009  6.3810032014840901E+008  6.1802625097542989E+008  3.2608763625225164E+006
  5.9097379501281970E+011  4.7246083147906258E-003  1.9970143700765044E+005  0.0000000000000000E+000  4.9247816251068296E+009  1.7236735687873907E+009  1.5403787124778750E+009  1.5064515340716159E+007  2.4623908125534155E+012  0.0000000000000000E+000  4.3313454392814562E+013  3.9979438770353817E+006  8.3835543915463829E+008  9.6235599528933060E+005  4.2398104540315020E+008  1.0127866582255681E+008  1.1032359673478198E+006  2.1659593057869608E+006  3.7008459352460818E+005  1.2311954062767075E+011  3.7468496004787865E+006  2.2195774263742242E+009  7.0888191983055079E+008  6.6795461334801471E+008  3.4118956723717311E+006
  5.9127036035257166E+011  1.8994370383538406E-003  8.9262531330784288E+004  0.0000000000000000E+000  4.9272530029380989E+009  1.7245385510283346E+009  1.6030390925965307E+009  6.8709136799557786E+006  2.4636265014690493E+012  0.0000000000000000E+000  4.3335190160840578E+013  1.8190730102774464E+006  8.6912546013517666E+008  4.5566984922247555E+005  4.4571787209917402E+008  1.0369953966407004E+008  5.0306272709528892E+005  2.1626178542833445E+006  3.7106696537138993E+005  1.2318132507345247E+011  1.7087079813998486E+006  2.3187984924624667E+009  9.2677536496551657E+008  6.9780586015633309E+008  4.2446093324870775E+006
  5.9228881309992517E+011  1.4544937560705785E-004  9.2470481721913693E+003  0.0000000000000000E+000  4.9357401091660423E+009  1.7275090382081151E+009  1.6251583743443563E+009  7.3532790336974582E+005  2.4678700545830220E+012  0.0000000000000000E+000  4.3409834260115344E+013  1.9807540752282870E+005  8.4794234336308026E+008  4.8423205793088702E+004  4.5151060916491425E+008  1.0388216673397659E+008  5.6738909577638631E+004  2.1355862667193846E+006  3.8961507191982359E+005  1.2339350272915105E+011  1.9176887461646463E+005  2.3493984210252080E+009  1.3714833509277942E+009  7.0705322218842399E+008  6.2733175911388109E+006
  5.9319908207539514E+011  1.1652553980192109E-015  4.7420324979212305E+000  0.0000000000000000E+000  4.9433256839616289E+009  1.7301639893865693E+009  1.6147870220205245E+009  3.9403870345824527E+002  2.4716628419808135E+012  0.0000000000000000E+000  4.3476549390442508E+013  1.1695548789947439E+002  7.4593017427082264E+008  2.4430265310709299E+001  4.4203379076187754E+008  1.0366024974668278E+008  2.5510881263253853E+002  2.1102864573164093E+006  4.0840363783194282E+005  1.2358314209904066E+011  1.2224462816632679E+002  2.3505737535654521E+009  1.5169151960034754E+009  7.0776170841968381E+008  7.0504411608456727E+006
  5.9407461230461963E+011  4.7881801587867127E-213  4.2698389537746578E-004  0.0000000000000000E+000  4.9506217692051640E+009  1.7327176192218082E+009  1.5996997946600554E+009  3.5212705100292341E-002  2.4753108846025820E+012  0.0000000000000000E+000  4.3540718460159422E+013  1.0461815188965606E-002  6.7679950456968629E+008  1.9990655402654677E-003  4.3024226766724062E+008  1.0335758355486102E+008  2.2922534574809600E+002  2.0859902319557744E+006  4.2754587888147001E+005  1.2376554423012912E+011  1.1091256419431416E-002  2.3492355451024880E+009  1.5415789834359133E+009  7.0779188086196578E+008  7.2791065034745308E+006
  5.9514671049344446E+011 -1.6108771205474692E-315  4.6448440670278898E-008  0.0000000000000000E+000  4.9595559207787046E+009  1.7358445722725465E+009  1.5849114458179450E+009  3.7994074920577821E-006  2.4797779603893521E+012  0.0000000000000000E+000  4.3619294323248711E+013  1.1263408296916510E-006  6.2473009244823456E+008  2.0081032841892562E-007  4.1889202070813638E+008  1.0304047393195920E+008  2.4269677471250679E+002  2.0562028764573655E+006  4.5261921109630854E+005  1.2398889801946761E+011  1.2140990508075444E-006  2.3474325789690428E+009  1.5344687493511026E+009  7.0767434675711286E+008  7.3406428719637915E+006
  5.9606463573182776E+011 -5.9961994501973466E-316  5.6263987497772990E-012  0.0000000000000000E+000  4.9672052977652292E+009  1.7385218542178309E+009  1.5710360044017684E+009  4.5630193096572843E-010  2.4836026488826162E+012  0.0000000000000000E+000  4.3686570593845203E+013  1.3503776178558240E-010  5.8239961847781706E+008  2.2659738537915704E-011  4.0837407681654805E+008  1.0272770451007460E+008  2.5489620612735251E+002  2.0314218786886740E+006  4.7511146295308514E+005  1.2418013244413077E+011  1.4757213039885738E-010  2.3454183451259975E+009  1.4860978750462856E+009  7.0747161164532208E+008  7.2213508112992682E+006
  5.9780445551169275E+011 -7.9679228548477309E-316  6.9034509689292722E-016  0.0000000000000000E+000  4.9817037959307747E+009  1.7435963285757713E+009  1.5590640008753910E+009  5.5421248631986014E-014  2.4908518979653877E+012  0.0000000000000000E+000  4.3814084885211164E+013  1.6258394492513161E-014  5.4817017322011542E+008  2.6129724030405672E-015  3.9939857390167648E+008  1.0244697143420495E+008  2.7912393879247105E+002  1.9855418579011215E+006  5.2031920861298498E+005  1.2454259489826932E+011  1.8221221239197575E-014  2.3434536281873808E+009  1.4442838733208671E+009  7.0723426407095730E+008  7.0756470635318896E+006
  5.9870567344980176E+011 -1.0499908945051449E-315  9.0903356128278006E-020  0.0000000000000000E+000  4.9892139454150114E+009  1.7462248808952544E+009  1.5480181383156381E+009  7.2438115658423214E-018  2.4946069727075063E+012  0.0000000000000000E+000  4.3880136649925031E+013  2.1184962005496469E-018  5.1841490671465647E+008  3.2508254568631501E-019  3.9120173677363294E+008  1.0217955137230553E+008  2.9253019507858500E+002  1.9622075364549770E+006  5.4525962228020432E+005  1.2473034863537529E+011  2.4065346455800079E-018  2.3414625868739953E+009  1.3977106090591965E+009  7.0696644704329479E+008  6.8379646362497006E+006
  5.9903519568226978E+011  4.6734415104772660E-018  2.6572695168836197E-011  0.0000000000000000E+000  4.9919599640189161E+009  1.7471859874066200E+009  1.5380178120998125E+009  9.8038082056374159E-010  2.4959799820094575E+012  0.0000000000000000E+000  4.3904287883546328E+013  1.1792142646064949E-010  4.9236539848304641E+008  2.1938716862362658E-011  3.8385477192647713E+008  1.0193062585989729E+008  2.9757175475841331E+002  1.9537773275304823E+006  5.5457923899587803E+005  1.2479899910047284E+011  9.5139924931934186E-011  2.3395116233142686E+009  1.3734446862874799E+009  7.0668371324053407E+008  6.7056326853735968E+006
  5.9928009255796741E+011  1.2556165585877725E-004  3.3344029041527970E+003  0.0000000000000000E+000  4.9940007713163948E+009  1.7479002699607387E+009  1.5289953132648580E+009  2.3246513756160243E+005  2.4970003856581973E+012  0.0000000000000000E+000  4.3922236783727703E+013  5.4172861624086931E+004  4.7049441178494924E+008  8.2467282273774927E+003  3.7743822589402455E+008  1.0170349294388905E+008  1.6410659679287426E+004  1.9476705530017824E+006  5.6150431653420150E+005  1.2485001928290988E+011  5.3907000817188629E+004  2.3379204704637666E+009  1.3735874554410613E+009  7.0647908522298586E+008  6.6942170181908291E+006
  5.9943902222162012E+011  1.8245064220973343E-003  6.0711718158904645E+004  0.0000000000000000E+000  4.9953251851801653E+009  1.7483638148130584E+009  1.5239549284972200E+009  4.3575818707265761E+006  2.4976625925900825E+012  0.0000000000000000E+000  4.3933885003659547E+013  1.0634546341222262E+006  4.9910320941077298E+008  1.6869475040341858E+005  3.7522526809658182E+008  1.0159194157184054E+008  3.2666806904391939E+005  1.9436489493774157E+006  5.6612765584904421E+005  1.2488312962950415E+011  1.0917839659604090E+006  2.3527747229217615E+009  1.3707926600750082E+009  7.1116369336071467E+008  6.8536204050879991E+006
  5.9965084027785291E+011  4.6344577610197531E-003  1.6038267195793515E+005  0.0000000000000000E+000  4.9970903356487751E+009  1.7489816174770710E+009  1.5429244505727875E+009  1.1708412241841184E+007  2.4985451678243882E+012  0.0000000000000000E+000  4.3949409502030969E+013  2.8431842938244669E+006  6.4562117984956074E+008  5.7970776595957763E+005  3.8836951102444738E+008  1.0292243587119019E+008  8.8389859774086077E+005  1.9382382147113571E+006  5.7229873274795490E+005  1.2492725839121939E+011  2.9546554860793278E+006  2.4257533195150309E+009  1.3613463159824889E+009  7.3320639942577815E+008  7.1289764561864231E+006
  5.9958201419786047E+011  7.2296602396203901E-003  2.5404141875237977E+005  0.0000000000000000E+000  4.9965167849821701E+009  1.7487808747437596E+009  1.5984131656468301E+009  1.8927418015997779E+007  2.4982583924910845E+012  0.0000000000000000E+000  4.3944365123918172E+013  4.5214706784336418E+006  8.4937446482320023E+008  1.2055980997678826E+006  4.2628305419451082E+008  1.0835753402843544E+008  1.4111412466972501E+006  1.9399977535891337E+006  5.7008855871555046E+005  1.2491291962455423E+011  4.7183535446155053E+006  2.5704392531334362E+009  1.3408776670934980E+009  7.7668669010284185E+008  7.3121981032573711E+006
  5.9901909682390991E+011  9.2216600559602447E-003  3.3026933947595867E+005  0.0000000000000000E+000  4.9918258068659172E+009  1.7471390324030712E+009  1.6869462354559083E+009  2.5171641180937391E+007  2.4959129034329585E+012  0.0000000000000000E+000  4.3903107971385734E+013  5.9224424785041325E+006  1.0510664667427052E+009  1.9339793770311323E+006  4.8903484063164115E+008  1.1983546634032145E+008  1.8380333407050727E+006  1.9554395888961349E+006  5.5247030944252945E+005  1.2479564517164790E+011  6.1532498634186191E+006  2.7796079070985794E+009  1.3260370786969569E+009  8.3944917569603455E+008  7.3513727425310602E+006
  5.9768067412717468E+011  1.0624760228488128E-002  3.9608439063780574E+005  0.0000000000000000E+000  4.9806722843931227E+009  1.7432352995375926E+009  1.7952583611285207E+009  3.0586710449055605E+007  2.4903361421965610E+012  0.0000000000000000E+000  4.3805012741237500E+013  7.2086371479869923E+006  1.1372876023226707E+009  2.5040753427423779E+006  5.6359216026747644E+008  1.3822658113116971E+008  2.1992409560961970E+006  1.9893924369367356E+006  5.1695466650052753E+005  1.2451680710982805E+011  7.3806441103962651E+006  3.0445651292308908E+009  1.2220141487414649E+009  9.1891595539125621E+008  6.8921670930672288E+006
  5.9604342098183765E+011  1.1537170600026929E-002  4.5530110269452224E+005  0.0000000000000000E+000  4.9670285081819820E+009  1.7384599778636937E+009  1.9049468341142023E+009  3.5126541217319354E+007  2.4835142540909907E+012  0.0000000000000000E+000  4.3685015729460523E+013  8.4212374211024623E+006  1.0799025585917428E+009  2.7289180490424628E+006  6.3179302296749055E+008  1.6342692083687413E+008  2.5180852517490657E+006  2.0282430637167494E+006  4.8024842532748246E+005  1.2417571270454953E+011  8.4727716659390945E+006  3.3563941341177540E+009  1.0332813494125744E+009  1.0125325555014553E+009  5.9709198462475734E+006
  5.9575917947213904E+011  1.2042561976412472E-002  4.9028115846054506E+005  0.0000000000000000E+000  4.9646598289344921E+009  1.7376309401270723E+009  2.0246238269298038E+009  3.8338911336219691E+007  2.4823299144672461E+012  0.0000000000000000E+000  4.3664183195478859E+013  9.1092757181933001E+006  1.1628619563101833E+009  3.1743793413020787E+006  7.1449831953383553E+008  1.9388786972075284E+008  2.7038193347102194E+006  2.0404718991957905E+006  4.6674988900114596E+005  1.2411649572336226E+011  9.1096662832159642E+006  3.6948473164192066E+009  1.0292674474402683E+009  1.1140070004433846E+009  6.0311436833616253E+006
  5.9700722923987256E+011  1.2195757078273944E-002  4.9689217785767256E+005  0.0000000000000000E+000  4.9750602436656055E+009  1.7412710852829616E+009  2.1723020398384595E+009  4.0201735909779936E+007  2.4875301218328022E+012  0.0000000000000000E+000  4.3755654843038992E+013  9.1037360903417449E+006  1.4549817327322252E+009  4.0025109474125747E+006  8.5036208365541935E+008  2.2799918517546135E+008  2.7576893861320224E+006  2.0077783113899808E+006  4.9754208116530115E+005  1.2437650609164014E+011  9.2689690245596915E+006  4.0403870801816177E+009  1.2634062769037759E+009  1.2174027393539329E+009  7.4302609580499865E+006
  5.9583849312009729E+011  1.2043426336494904E-002  5.2188358265736909E+005  0.0000000000000000E+000  4.9653207760008116E+009  1.7378622716002843E+009  2.2691528684150767E+009  4.1701977073001526E+007  2.4826603880004053E+012  0.0000000000000000E+000  4.3669996224927141E+013  9.6795799904637299E+006  1.2770237143305604E+009  3.6874303864297830E+006  9.1341307748888886E+008  2.6532890352366185E+008  2.8898696670637885E+006  2.0360406745798180E+006  4.7248883140902041E+005  1.2413301940002026E+011  9.7304111095548663E+006  4.4157135640553522E+009  1.0705202273863822E+009  1.3302891399155016E+009  6.3274861332251122E+006
  5.9394023952168665E+011  1.1553254702090562E-002  5.3690603907247738E+005  0.0000000000000000E+000  4.9495019960140562E+009  1.7323256986049199E+009  2.3059905740733523E+009  4.1703331412124492E+007  2.4747509980070283E+012  0.0000000000000000E+000  4.3530870054943625E+013  1.0137109743512191E+007  9.6374347311174488E+008  2.8678217301135287E+006  8.9975149748906600E+008  3.0205412760945648E+008  2.9592538116642334E+006  2.0786790370421952E+006  4.3810574505322770E+005  1.2373754990035143E+011  9.9878345782482717E+006  4.7999420452347441E+009  7.7602169519558966E+008  1.4467604086711991E+009  4.6130243772815587E+006
  5.9226414728993213E+011  1.0660500458286573E-002  5.1922264184165664E+005  0.0000000000000000E+000  4.9355345607494354E+009  1.7274370962623022E+009  2.3014706257160311E+009  3.9620962537436396E+007  2.4677672803747178E+012  0.0000000000000000E+000  4.3408026461791289E+013  9.9931928649988491E+006  7.6309796759033179E+008  2.2005131066742451E+006  8.5085358164128625E+008  3.3342567438082105E+008  2.8505847386413566E+006  2.1220611686452879E+006  4.0539456353718863E+005  1.2338836401873589E+011  9.6450761369571406E+006  5.1567269599874716E+009  5.9772918014394236E+008  1.5561539698171761E+009  3.4319839586572195E+006
  5.9180376161154395E+011  9.2661333249636664E-003  4.6810369135931012E+005  0.0000000000000000E+000  4.9316980134295340E+009  1.7260943047003372E+009  2.3411926586337471E+009  3.5874472420446604E+007  2.4658490067147666E+012  0.0000000000000000E+000  4.3374284028112750E+013  9.1145181209857706E+006  7.6052827538175499E+008  1.9874799560464220E+006  8.5029164983170438E+008  3.5979927647560716E+008  2.5685884693652289E+006  2.1394310067349859E+006  3.9014935779720696E+005  1.2329245033573833E+011  8.7055617927680165E+006  5.4756182046103573E+009  6.0190353711122811E+008  1.6533407975233715E+009  3.2751872883773870E+006
  5.9107170210813257E+011  7.2750327828949917E-003  3.8908159489618934E+005  0.0000000000000000E+000  4.9255975175677719E+009  1.7239591311487205E+009  2.3839604984806356E+009  2.9854393162864160E+007  2.4627987587838853E+012  0.0000000000000000E+000  4.3320630167008555E+013  7.6620418759127278E+006  7.1845531899540412E+008  1.5740950323691422E+006  8.5339583175474191E+008  3.7872149629960531E+008  2.1373432237559403E+006  2.1571547763333884E+006  3.7846052296059689E+005  1.2313993793919431E+011  7.2501492346837204E+006  5.7468321190122375E+009  5.8156878705557299E+008  1.7362014259687154E+009  3.0839086544283051E+006
  5.9102248649883887E+011  4.6717388676793736E-003  2.6891272622808669E+005  0.0000000000000000E+000  4.9251873874903240E+009  1.7238155856216137E+009  2.4256315237527213E+009  2.0788458195235204E+007  2.4625936937451621E+012  0.0000000000000000E+000  4.3317023072977398E+013  5.3669014447592078E+006  7.1958081673138452E+008  1.1058656124691444E+006  8.5263946448521960E+008  3.8845374434354353E+008  1.4862224893225564E+006  2.1640448712985041E+006  3.7161691433404083E+005  1.2312968468725809E+011  5.0467573635665113E+006  5.9505370907832890E+009  6.4526577775337315E+008  1.7986532912750680E+009  3.1731762981314980E+006
  5.9131021617637842E+011  1.8469048023552078E-003  1.1950345049943909E+005  0.0000000000000000E+000  4.9275851348031530E+009  1.7246547971811030E+009  2.4782952873973436E+009  9.3821481953875050E+006  2.4637925674015767E+012  0.0000000000000000E+000  4.3338111260593727E+013  2.4319856346131572E+006  7.3476615498743439E+008  5.1453155602913594E+005  8.6354883277180910E+008  3.9165133323307949E+008  6.7383721343521809E+005  2.1611948229061249E+006  3.7211464058344392E+005  1.2318962837007881E+011  2.2886807859123056E+006  6.0753672884222288E+009  8.4367338390367973E+008  1.8364965453274961E+009  3.8752751044408125E+006
  5.9233092590735693E+011  1.2958818760718354E-004  1.1736110146292762E+004  0.0000000000000000E+000  4.9360910492279739E+009  1.7276318672297916E+009  2.5020944585988183E+009  9.4868711169022892E+005  2.4680455246139873E+012  0.0000000000000000E+000  4.3412920777960039E+013  2.5195808214792301E+005  7.2063217973983657E+008  5.2332736503510605E+004  8.6753654169859040E+008  3.9162237836135185E+008  7.2245347979383310E+004  2.1343737923546592E+006  3.9050121217879804E+005  1.2340227623069937E+011  2.4434863636499265E+005  6.1134459735656691E+009  1.3043470878883331E+009  1.8480266010906863E+009  5.9268196106360275E+006
  5.9324614914802954E+011  1.0765563728464943E-017  5.3363271267861681E+000  0.0000000000000000E+000  4.9437179095669117E+009  1.7303012683484197E+009  2.4893498573089619E+009  4.4481313249315042E+002  2.4718589547834565E+012  0.0000000000000000E+000  4.3479999014640992E+013  1.3142309871895714E+002  6.3512232250469220E+008  2.3392892367062146E+001  8.5676194540943360E+008  3.9069361519207484E+008  2.6015243204919079E+002  2.1089509080066006E+006  4.0943002352303965E+005  1.2359294773917279E+011  1.3741250093586652E+002  6.1102946538762980E+009  1.4693362031757388E+009  1.8475797287143679E+009  6.7913004979595225E+006
  5.9413899681935718E+011  1.0152475300069449E-199  4.9718945707782523E-004  0.0000000000000000E+000  4.9511583068279781E+009  1.7329054073897922E+009  2.4690287899159050E+009  4.1181260979639249E-002  2.4755791534139893E+012  0.0000000000000000E+000  4.3545437308552047E+013  1.2162413485655527E-002  5.7759873757450211E+008  1.9852952572128862E-003  8.4216143479042614E+008  3.8932793743689650E+008  2.2998565586278079E+002  2.0842173510867152E+006  4.2897588872436760E+005  1.2377895767069943E+011  1.2901922385803134E-002  6.1017224777169733E+009  1.5041078499594707E+009  1.8456736598155327E+009  7.0713140769736022E+006
  5.9523053872906909E+011  6.4925528176050964E-316  5.5861576401775631E-008  0.0000000000000000E+000  4.9602544894089088E+009  1.7360890712931175E+009  2.4480015552097216E+009  4.5929815120475954E-006  2.4801272447044536E+012  0.0000000000000000E+000  4.3625438234351344E+013  1.3521195645518318E-006  5.3407223815218306E+008  2.0631901602085582E-007  8.2728705894394112E+008  3.8782068182968861E+008  2.4371774216502311E+002  2.0539743111770824E+006  4.5455242426232510E+005  1.2400636223522273E+011  1.4587444633662953E-006  6.0916786320735970E+009  1.5032663158983772E+009  1.8433470549175663E+009  7.1653312320763506E+006
  5.9615605870841577E+011  1.1745292906351921E-315  6.9790347318759274E-012  0.0000000000000000E+000  4.9679671559034634E+009  1.7387885045662122E+009  2.4275951636026707E+009  5.6925917941843281E-010  2.4839835779517319E+012  0.0000000000000000E+000  4.3693271136170961E+013  1.6716754452070428E-010  4.9853573482391655E+008  2.4042242647710954E-011  8.1298953554829264E+008  3.8627924665582448E+008  2.5610084444665574E+002  2.0289710947072045E+006  4.7737529428160150E+005  1.2419917889758658E+011  1.8286225941177115E-010  6.0810179234560928E+009  1.4586585276685734E+009  1.8408185123010247E+009  7.0689121058724308E+006
