  0.0000000000000000E+000  0.0000000000000000E+000  0.0000000000000000E+000  0.0000000000000000E+000  0.0000000000000000E+000
  0.0000000000000000E+000  0.0000000000000000E+000  0.0000000000000000E+000  0.0000000000000000E+000  0.0000000000000000E+000
  0.0000000000000000E+000  0.0000000000000000E+000  0.0000000000000000E+000  0.0000000000000000E+000  0.0000000000000000E+000
  0.0000000000000000E+000  0.0000000000000000E+000  0.0000000000000000E+000  0.0000000000000000E+000  0.0000000000000000E+000
  0.0000000000000000E+000  0.0000000000000000E+000  0.0000000000000000E+000  0.0000000000000000E+000  0.0000000000000000E+000
  0.0000000000000000E+000  0.0000000000000000E+000  0.0000000000000000E+000  0.0000000000000000E+000  0.0000000000000000E+000
  0.0000000000000000E+000  0.0000000000000000E+000  0.0000000000000000E+000  0.0000000000000000E+000  0.0000000000000000E+000
  0.0000000000000000E+000  0.0000000000000000E+000  0.0000000000000000E+000  0.0000000000000000E+000  0.0000000000000000E+000
  0.0000000000000000E+000  0.0000000000000000E+000  0.0000000000000000E+000  0.0000000000000000E+000  0.0000000000000000E+000
  0.0000000000000000E+000  0.0000000000000000E+000  0.0000000000000000E+000  0.0000000000000000E+000  0.0000000000000000E+000
  0.0000000000000000E+000  0.0000000000000000E+000  0.0000000000000000E+000  0.0000000000000000E+000  0.0000000000000000E+000
  0.0000000000000000E+000  0.0000000000000000E+000  0.0000000000000000E+000  0.0000000000000000E+000  0.0000000000000000E+000
  0.0000000000000000E+000  0.0000000000000000E+000  0.0000000000000000E+000  0.0000000000000000E+000  0.0000000000000000E+000
  0.0000000000000000E+000  0.0000000000000000E+000  0.0000000000000000E+000  0.0000000000000000E+000  0.0000000000000000E+000
  0.0000000000000000E+000  0.0000000000000000E+000  0.0000000000000000E+000  0.0000000000000000E+000  0.0000000000000000E+000
  0.0000000000000000E+000  0.0000000000000000E+000  0.0000000000000000E+000  0.0000000000000000E+000  0.0000000000000000E+000
  0.0000000000000000E+000  0.0000000000000000E+000  0.0000000000000000E+000  0.0000000000000000E+000  0.0000000000000000E+000
  0.0000000000000000E+000  0.0000000000000000E+000  0.0000000000000000E+000  0.0000000000000000E+000  0.0000000000000000E+000
  0.0000000000000000E+000  0.0000000000000000E+000  0.0000000000000000E+000  0.0000000000000000E+000  0.0000000000000000E+000
  0.0000000000000000E+000  0.0000000000000000E+000  0.0000000000000000E+000  0.0000000000000000E+000  0.0000000000000000E+000
  0.0000000000000000E+000  0.0000000000000000E+000  0.0000000000000000E+000  0.0000000000000000E+000  0.0000000000000000E+000
  0.0000000000000000E+000  0.0000000000000000E+000  0.0000000000000000E+000  0.0000000000000000E+000  0.0000000000000000E+000
  0.0000000000000000E+000  0.0000000000000000E+000  0.0000000000000000E+000  0.0000000000000000E+000  0.0000000000000000E+000
  0.0000000000000000E+000  0.0000000000000000E+000  0.0000000000000000E+000  0.0000000000000000E+000  0.0000000000000000E+000
  0.0000000000000000E+000  0.0000000000000000E+000  0.0000000000000000E+000  0.0000000000000000E+000  0.0000000000000000E+000
  0.0000000000000000E+000  0.0000000000000000E+000  0.0000000000000000E+000  0.0000000000000000E+000  0.0000000000000000E+000
  0.0000000000000000E+000  0.0000000000000000E+000  0.0000000000000000E+000  0.0000000000000000E+000  0.0000000000000000E+000
  0.0000000000000000E+000  0.0000000000000000E+000  0.0000000000000000E+000  0.0000000000000000E+000  0.0000000000000000E+000
  0.0000000000000000E+000  0.0000000000000000E+000  0.0000000000000000E+000  0.0000000000000000E+000  0.0000000000000000E+000
  0.0000000000000000E+000  0.0000000000000000E+000  0.0000000000000000E+000  0.0000000000000000E+000  0.0000000000000000E+000
  0.0000000000000000E+000  0.0000000000000000E+000  0.0000000000000000E+000  0.0000000000000000E+000  0.0000000000000000E+000
  0.0000000000000000E+000  0.0000000000000000E+000  0.0000000000000000E+000  0.0000000000000000E+000  0.0000000000000000E+000
  0.0000000000000000E+000  0.0000000000000000E+000  0.0000000000000000E+000  0.0000000000000000E+000  0.0000000000000000E+000
  0.0000000000000000E+000  0.0000000000000000E+000  0.0000000000000000E+000  0.0000000000000000E+000  0.0000000000000000E+000
  0.0000000000000000E+000  0.0000000000000000E+000  0.0000000000000000E+000  0.0000000000000000E+000  0.0000000000000000E+000
  0.0000000000000000E+000  0.0000000000000000E+000  0.0000000000000000E+000  0.0000000000000000E+000  0.0000000000000000E+000
  0.0000000000000000E+000  0.0000000000000000E+000  0.0000000000000000E+000  0.0000000000000000E+000  0.0000000000000000E+000
  0.0000000000000000E+000  0.0000000000000000E+000  0.0000000000000000E+000  0.0000000000000000E+000  0.0000000000000000E+000
  0.0000000000000000E+000  0.0000000000000000E+000  0.0000000000000000E+000  0.0000000000000000E+000  0.0000000000000000E+000
  0.0000000000000000E+000  0.0000000000000000E+000  0.0000000000000000E+000  0.0000000000000000E+000  0.0000000000000000E+000
  0.0000000000000000E+000  0.0000000000000000E+000  0.0000000000000000E+000  0.0000000000000000E+000  0.0000000000000000E+000
  0.0000000000000000E+000  0.0000000000000000E+000  0.0000000000000000E+000  0.0000000000000000E+000  0.0000000000000000E+000
  0.0000000000000000E+000  0.0000000000000000E+000  0.0000000000000000E+000  0.0000000000000000E+000  0.0000000000000000E+000
  0.0000000000000000E+000  0.0000000000000000E+000  0.0000000000000000E+000  0.0000000000000000E+000  0.0000000000000000E+000
  0.0000000000000000E+000  0.0000000000000000E+000  0.0000000000000000E+000  0.0000000000000000E+000  0.0000000000000000E+000
  0.0000000000000000E+000  0.0000000000000000E+000  0.0000000000000000E+000  0.0000000000000000E+000  0.0000000000000000E+000
  0.0000000000000000E+000  0.0000000000000000E+000  0.0000000000000000E+000  0.0000000000000000E+000  0.0000000000000000E+000
  0.0000000000000000E+000  0.0000000000000000E+000  0.0000000000000000E+000  0.0000000000000000E+000  0.0000000000000000E+000
  0.0000000000000000E+000  0.0000000000000000E+000  0.0000000000000000E+000  0.0000000000000000E+000  0.0000000000000000E+000
  0.0000000000000000E+000  0.0000000000000000E+000  0.0000000000000000E+000  0.0000000000000000E+000  0.0000000000000000E+000
  0.0000000000000000E+000  0.0000000000000000E+000  0.0000000000000000E+000  0.0000000000000000E+000  0.0000000000000000E+000
  0.0000000000000000E+000  0.0000000000000000E+000  0.0000000000000000E+000  0.0000000000000000E+000  0.0000000000000000E+000
  0.0000000000000000E+000  0.0000000000000000E+000  0.0000000000000000E+000  0.0000000000000000E+000  0.0000000000000000E+000
  0.0000000000000000E+000  0.0000000000000000E+000  0.0000000000000000E+000  0.0000000000000000E+000  0.0000000000000000E+000
  0.0000000000000000E+000  0.0000000000000000E+000  0.0000000000000000E+000  0.0000000000000000E+000  0.0000000000000000E+000
  0.0000000000000000E+000  0.0000000000000000E+000  0.0000000000000000E+000  0.0000000000000000E+000  0.0000000000000000E+000
  0.0000000000000000E+000  0.0000000000000000E+000  0.0000000000000000E+000  0.0000000000000000E+000  0.0000000000000000E+000
  0.0000000000000000E+000  0.0000000000000000E+000  0.0000000000000000E+000  0.0000000000000000E+000  0.0000000000000000E+000
  0.0000000000000000E+000  0.0000000000000000E+000  0.0000000000000000E+000  0.0000000000000000E+000  0.0000000000000000E+000
  0.0000000000000000E+000  0.0000000000000000E+000  0.0000000000000000E+000  0.0000000000000000E+000  0.0000000000000000E+000
  0.0000000000000000E+000  0.0000000000000000E+000  0.0000000000000000E+000  0.0000000000000000E+000  0.0000000000000000E+000
  0.0000000000000000E+000  0.0000000000000000E+000  0.0000000000000000E+000  0.0000000000000000E+000  0.0000000000000000E+000
  0.0000000000000000E+000  0.0000000000000000E+000  0.0000000000000000E+000  0.0000000000000000E+000  0.0000000000000000E+000
  0.0000000000000000E+000  0.0000000000000000E+000  0.0000000000000000E+000  0.0000000000000000E+000  0.0000000000000000E+000
  0.0000000000000000E+000  0.0000000000000000E+000  0.0000000000000000E+000  0.0000000000000000E+000  0.0000000000000000E+000
  0.0000000000000000E+000  0.0000000000000000E+000  0.0000000000000000E+000  0.0000000000000000E+000  0.0000000000000000E+000
  0.0000000000000000E+000  0.0000000000000000E+000  0.0000000000000000E+000  0.0000000000000000E+000  0.0000000000000000E+000
  0.0000000000000000E+000  0.0000000000000000E+000  0.0000000000000000E+000  0.0000000000000000E+000  0.0000000000000000E+000
  0.0000000000000000E+000  0.0000000000000000E+000  0.0000000000000000E+000  0.0000000000000000E+000  0.0000000000000000E+000
  0.0000000000000000E+000  0.0000000000000000E+000  0.0000000000000000E+000  0.0000000000000000E+000  0.0000000000000000E+000
  0.0000000000000000E+000  0.0000000000000000E+000  0.0000000000000000E+000  0.0000000000000000E+000  0.0000000000000000E+000
  0.0000000000000000E+000  0.0000000000000000E+000  0.0000000000000000E+000  0.0000000000000000E+000  0.0000000000000000E+000
  0.0000000000000000E+000  0.0000000000000000E+000  0.0000000000000000E+000  0.0000000000000000E+000  0.0000000000000000E+000
  3.7933070006980433E-003  9.6458338446352837E-004  1.2334041716113369E-002 -1.2718279744561134E-007 -7.9065798610709971E-008
  3.7538152692753674E-003  9.6208042738731318E-004  1.1926876221301589E-002 -1.2690792294777388E-007 -7.8881138087435559E-008
  3.7053389225053909E-003  9.5894863907485038E-004  1.1451767782940934E-002 -1.2692571275515128E-007 -7.8893073370285433E-008
  3.6244545889134311E-003  8.8610802210418386E-004  1.0998847438185435E-002  1.1632507481895218E-004 -6.8423202353851576E-005
  5.5577213946097805E-003  4.6374297687355537E-003  1.0833519365171698E-002  3.9071787299133235E-005  9.4609907922177695E-005
  5.1279635704477352E-003  3.9946897902163438E-003  1.0576190051253506E-002  3.8933000866593711E-005  9.3423376433789864E-005
  5.0651176678089029E-003  3.9489865334939025E-003  1.0402309898595937E-002  3.8915236314888593E-005  9.3277345943892044E-005
  5.1090336290380281E-003  3.9821143554962662E-003  1.0602757850192527E-002  3.8913835199497153E-005  9.3257650834595939E-005
  5.3109002136320508E-003  4.1071091317852384E-003  1.1511437435717345E-002  3.8924054530314992E-005  9.3316041376397072E-005
  5.5603294916545358E-003  4.2549505930534817E-003  1.2748333930793576E-002  3.8936923412634112E-005  9.3394181991459006E-005
  4.8648794054595833E-003  3.8452272672691384E-003  9.6045304370680779E-003  3.8895449329504789E-005  9.3138589813298030E-005
  5.2649802170928375E-003  4.0858256902100484E-003  1.1296187991908327E-002  3.8920411289780831E-005  9.3292157411055789E-005
  5.6925438237550524E-003  4.3318741314629840E-003  1.3462721243318081E-002  3.8943418077443456E-005  9.3434440399327914E-005
  5.9693805493949920E-003  4.4836064191247733E-003  1.5119505992029977E-002  3.8956940773520708E-005  9.3519506147282043E-005
  6.0637240097939638E-003  4.5304833972753134E-003  1.5740588737672666E-002  3.8961883282733280E-005  9.3552012770198989E-005
  5.9015763297236784E-003  4.4346150578279762E-003  1.4692701593617625E-002  3.8956075643768678E-005  9.3519337989523464E-005
  5.9743174348160111E-003  4.4659296201409772E-003  1.5128059666258048E-002  3.8963133612892193E-005  9.3572233886235294E-005
  5.8743675591584697E-003  4.4198153077573705E-003  1.4344202581297493E-002  3.8971667413550475E-005  9.3658865620589005E-005
  5.9354677747278312E-003  4.8590865191858517E-003  1.2521982737273642E-002  3.9083006943363722E-005  9.4657499811853064E-005
  3.6214463431772583E-003  8.7905005074635572E-004  1.1001969993904711E-002  1.0030062035681519E-004 -7.9495245065852021E-005
  3.7295379728190517E-003  9.6058792149578186E-004  1.1686489038533518E-002 -1.3087275721624452E-007 -8.1544349014821278E-008
  3.7395526761226511E-003  9.6121216797072535E-004  1.1784941435768567E-002 -1.3018054158058952E-007 -8.1079412081305323E-008
  3.7561858309659406E-003  9.6226715378599137E-004  1.1951251943308861E-002 -1.2939248222140896E-007 -8.0550087579510986E-008
  3.7640160178975162E-003  9.6273077406264479E-004  1.2030288009217334E-002 -1.2834596808814796E-007 -7.9847135271073559E-008
  3.7861144162838205E-003  9.6412930753778027E-004  1.2258460947916343E-002 -1.2717371399706505E-007 -7.9059694590654533E-008
  3.7456341863491682E-003  9.6155577053715329E-004  1.1844830248470540E-002 -1.2689752045315207E-007 -7.8874147581890842E-008
  3.6975803002742783E-003  9.5844158920051930E-004  1.1378120751893789E-002 -1.2691347912104184E-007 -7.8884852857938457E-008
  3.6259581435257584E-003  9.0124628017488738E-004  1.0947836030780226E-002  2.2986685747052239E-004 -4.7828207456975850E-005
  5.5852274056806955E-003  4.6894689724495814E-003  1.0807353639301701E-002  3.9080774655049592E-005  9.4688852265987627E-005
  5.1348800939282112E-003  3.9996308376021410E-003  1.0601224621247560E-002  3.8933944539231349E-005  9.3430555897982016E-005
  5.0852072508260175E-003  3.9608316405833578E-003  1.0486722642183522E-002  3.8916604930609360E-005  9.3286077263117088E-005
  5.1397691172248537E-003  4.0001904518849919E-003  1.0735666864500214E-002  3.8915766134913671E-005  9.3269717455208515E-005
  5.3491727821179990E-003  4.1292636311140224E-003  1.1692422080733518E-002  3.8926259974755936E-005  9.3329835696203591E-005
  5.5948179561851599E-003  4.2744668820569312E-003  1.2930742304496010E-002  3.8938743904757665E-005  9.3405628793189694E-005
  4.8788388294429882E-003  3.8536847151285835E-003  9.6590212811146613E-003  3.8896404205944894E-005  9.3144492701443922E-005
  5.2596362002803121E-003  4.0826498241550956E-003  1.1271705877806952E-002  3.8920102927105905E-005  9.3290210921249321E-005
  5.6973188828931421E-003  4.3344996502065365E-003  1.3489455526965632E-002  3.8943665928300421E-005  9.3435992242358335E-005
  5.9692570627576397E-003  4.4834551497628305E-003  1.5118769841354653E-002  3.8956947027723410E-005  9.3519554052634023E-005
  6.0553755174446470E-003  4.5258463023906360E-003  1.5684598422706524E-002  3.8961531054571454E-005  9.3549817319923094E-005
  5.9044642165603815E-003  4.4360659317699133E-003  1.4710451962563998E-002  3.8956250314613829E-005  9.3520506347099312E-005
  5.9836337380754414E-003  4.4708831420713835E-003  1.5186804447641275E-002  3.8963668186391240E-005  9.3575843060840158E-005
  5.9082683185499975E-003  4.4393773184817518E-003  1.4539923643929016E-002  3.8973759378653547E-005  9.3673280875938741E-005
  6.0534534986123080E-003  4.9710477191906586E-003  1.2887017660288736E-002  3.9095515064685656E-005  9.4757668863498809E-005
  3.6312549942454429E-003  8.9603627849376072E-004  1.1021130375083735E-002  1.6380701509283470E-004 -5.4622200368905027E-005
  3.7348229365777186E-003  9.6093015056438163E-004  1.1738449988294456E-002 -1.3086473799379991E-007 -8.1538964570696960E-008
  3.7467831354165756E-003  9.6167815981945009E-004  1.1856926662286927E-002 -1.3017081999322542E-007 -8.1072884666415880E-008
  3.7623358148604867E-003  9.6266131172267476E-004  1.2013631288739101E-002 -1.2938043292501730E-007 -8.0541996070645863E-008
  3.7663212881592053E-003  9.6287885354614080E-004  1.2053837440815228E-002 -1.2832943841115830E-007 -7.9836032632613251E-008
